 TIMECL1CL2CL3
           1  0.402205706       1.10322201       3.88370492E-02
           2  0.402201056       1.10320926       3.88366021E-02
           3  0.402196378       1.10319650       3.88361514E-02
           4  0.402191728       1.10318375       3.88357006E-02
           5  0.402187079       1.10317087       3.88352536E-02
           6  0.402182430       1.10315812       3.88348028E-02
           7  0.402177781       1.10314536       3.88343520E-02
           8  0.402173102       1.10313261       3.88339050E-02
           9  0.402168453       1.10311985       3.88334543E-02
          10  0.402163804       1.10310709       3.88330035E-02
          11  0.402159154       1.10309434       3.88325565E-02
          12  0.402154505       1.10308158       3.88321057E-02
          13  0.402149826       1.10306883       3.88316549E-02
          14  0.402145177       1.10305595       3.88312079E-02
          15  0.402140528       1.10304320       3.88307571E-02
          16  0.402135879       1.10303044       3.88303064E-02
          17  0.402131230       1.10301769       3.88298593E-02
          18  0.402126551       1.10300493       3.88294086E-02
          19  0.402121902       1.10299218       3.88289578E-02
          20  0.402117252       1.10297942       3.88285108E-02
          21  0.402112603       1.10296667       3.88280600E-02
          22  0.402107954       1.10295391       3.88276093E-02
          23  0.402103275       1.10294104       3.88271622E-02
          24  0.402098626       1.10292828       3.88267115E-02
          25  0.402093977       1.10291553       3.88262607E-02
          26  0.402089328       1.10290277       3.88258137E-02
          27  0.402084678       1.10289001       3.88253629E-02
          28  0.402079999       1.10287726       3.88249122E-02
          29  0.402075350       0.00000000       1.14168894    
          30  0.402070701       0.00000000       1.14167571    
          31  0.402066052       0.00000000       1.14166248    
          32  0.402061403       0.00000000       1.14164925    
          33  0.402056724       0.00000000       1.14163601    
          34  0.402052075       0.00000000       1.14162278    
          35  0.402047426       0.00000000       1.14160967    
          36  0.402042776       0.00000000       1.14159644    
          37  0.402038097       0.00000000       1.14158320    
          38  0.402033448       0.00000000       1.14156997    
          39  0.402028799       0.00000000       1.14155674    
          40  0.402024150       0.00000000       1.14154351    
          41  0.402019501       0.00000000       1.14153028    
          42  0.402014822       0.00000000       1.14151704    
          43  0.402010173       0.00000000       1.14150381    
          44  0.402005523       0.00000000       1.14149070    
          45  0.402000874       0.00000000       1.14147747    
          46  0.401996225       0.00000000       1.14146423    
          47  0.401991546       0.00000000       1.14145100    
          48  0.401986897       0.00000000       1.14143789    
          49  0.401982248       0.00000000       1.14142454    
          50  0.401977599       0.00000000       1.14141130    
          51  0.401972950       0.00000000       1.14139807    
          52   0.00000000       0.00000000       1.54335308    
          53   0.00000000       0.00000000       1.54333532    
          54   0.00000000       0.00000000       1.54331744    
          55   0.00000000       0.00000000       1.54329956    
          56   0.00000000       0.00000000       1.54328167    
          57   0.00000000       0.00000000       1.54326391    
          58   0.00000000       0.00000000       1.54324591    
          59   0.00000000       0.00000000       1.54322803    
          60   0.00000000       0.00000000       1.54321015    
          61   0.00000000       0.00000000       1.54319239    
          62   0.00000000       0.00000000       1.54317451    
          63   0.00000000       0.00000000       1.54315662    
          64   0.00000000       0.00000000       1.54313874    
          65   0.00000000       0.00000000       1.54312086    
          66   0.00000000       0.00000000       1.54310310    
          67   0.00000000       0.00000000       1.54308510    
          68   0.00000000       0.00000000       1.54306722    
          69   0.00000000       0.00000000       1.54304934    
          70   0.00000000       0.00000000       1.54303157    
          71   0.00000000       0.00000000       1.54301369    
          72   0.00000000       0.00000000       1.54299569    
          73   0.00000000       0.00000000       1.54297781    
          74   0.00000000       0.00000000       1.54296005    
          75   0.00000000       0.00000000       1.54294205    
          76   0.00000000       0.00000000       1.54292417    
          77   0.00000000       0.00000000       1.54290628    
          78   0.00000000       0.00000000       1.54288840    
          79   0.00000000       0.00000000       1.54287064    
          80   0.00000000       0.00000000       1.54285276    
          81   0.00000000       0.00000000       1.54283488    
          82   0.00000000       0.00000000       1.54281700    
          83   0.00000000       0.00000000       1.54279923    
          84   0.00000000       0.00000000       1.54278123    
          85   0.00000000       0.00000000       1.54276335    
          86   0.00000000       0.00000000       1.54274547    
          87   0.00000000       0.00000000       1.54272747    
          88   0.00000000       0.00000000       1.54270971    
          89   0.00000000       0.00000000       1.54269183    
          90   0.00000000       0.00000000       1.54267395    
          91   0.00000000       0.00000000       1.54265606    
          92   0.00000000       0.00000000       1.54263830    
          93   0.00000000       0.00000000       1.54262030    
          94   0.00000000       0.00000000       1.54260242    
          95   0.00000000       0.00000000       1.54258454    
          96   0.00000000       0.00000000       1.54256678    
          97   0.00000000       0.00000000       1.54254889    
          98   0.00000000       0.00000000       1.54253101    
          99   0.00000000       0.00000000       1.54251313    
         100   0.00000000       0.00000000       1.54249525    
         101   0.00000000       0.00000000       1.54247749    
         102   0.00000000       0.00000000       1.54245949    
         103   0.00000000       0.00000000       1.54244161    
         104   0.00000000       0.00000000       1.54242373    
         105   0.00000000       0.00000000       1.54240596    
         106   0.00000000       0.00000000       1.54238808    
         107   0.00000000       0.00000000       1.54237020    
         108   0.00000000       0.00000000       1.54235232    
         109   0.00000000       0.00000000       1.54233456    
         110   0.00000000       0.00000000       1.54231668    
         111   0.00000000       0.00000000       1.54229856    
         112   0.00000000       0.00000000       1.54228067    
         113   0.00000000       0.00000000       1.54226279    
         114   0.00000000       0.00000000       1.54224503    
         115   0.00000000       0.00000000       1.54222715    
         116   0.00000000       0.00000000       1.54220927    
         117   0.00000000       0.00000000       1.54219139    
         118   0.00000000       0.00000000       1.54217362    
         119   0.00000000       0.00000000       1.54215562    
         120   0.00000000       0.00000000       1.54213774    
         121   0.00000000       0.00000000       1.54211986    
         122   0.00000000       0.00000000       1.54210210    
         123   0.00000000       0.00000000       1.54208422    
         124   0.00000000       0.00000000       1.54206634    
         125   0.00000000       0.00000000       1.54204845    
         126   0.00000000       0.00000000       1.54203045    
         127   0.00000000       0.00000000       1.54201269    
         128   0.00000000       0.00000000       1.54199481    
         129   0.00000000       0.00000000       1.54197693    
         130   0.00000000       0.00000000       1.54195905    
         131   0.00000000       0.00000000       1.54194117    
         132   0.00000000       0.00000000       1.54192328    
         133   0.00000000       0.00000000       1.54190540    
         134   0.00000000       0.00000000       1.54188752    
         135   0.00000000       0.00000000       1.54186964    
         136   0.00000000       0.00000000       1.54185188    
         137   0.00000000       0.00000000       1.54183388    
         138   0.00000000       0.00000000       1.54181600    
         139   0.00000000       0.00000000       1.54179811    
         140   0.00000000       0.00000000       1.54178035    
         141   0.00000000       0.00000000       1.54176247    
         142   0.00000000       0.00000000       1.54174459    
         143   0.00000000       0.00000000       1.54172671    
         144   0.00000000       0.00000000       1.54170895    
         145   0.00000000       0.00000000       1.54169106    
         146   0.00000000       0.00000000       1.54167295    
         147   0.00000000       0.00000000       1.54165506    
         148   0.00000000       0.00000000       1.54163718    
         149   0.00000000       0.00000000       1.54161942    
         150   0.00000000       0.00000000       1.54160154    
         151   0.00000000       0.00000000       1.54158366    
         152   0.00000000       0.00000000       1.54156578    
         153   0.00000000       0.00000000       1.54154801    
         154   0.00000000       0.00000000       1.54153013    
         155   0.00000000       0.00000000       1.54151213    
         156   0.00000000       0.00000000       1.54149425    
         157   0.00000000       0.00000000       1.54147649    
         158   0.00000000       0.00000000       1.54145861    
         159   0.00000000       0.00000000       1.54144073    
         160   0.00000000       0.00000000       1.54142284    
         161   0.00000000       0.00000000       1.54140496    
         162   0.00000000       0.00000000       1.54138720    
         163   0.00000000       0.00000000       1.54136932    
         164   0.00000000       0.00000000       1.54135132    
         165   0.00000000       0.00000000       1.54133344    
         166   0.00000000       0.00000000       1.54131567    
         167   0.00000000       0.00000000       1.54129779    
         168   0.00000000       0.00000000       1.54127991    
         169   0.00000000       0.00000000       1.54126203    
         170   0.00000000       0.00000000       1.54124415    
         171   0.00000000       0.00000000       1.54122627    
         172   0.00000000       0.00000000       1.54120827    
         173   0.00000000       0.00000000       1.54119039    
         174   0.00000000       0.00000000       1.54117250    
         175   0.00000000       0.00000000       1.54115474    
         176   0.00000000       0.00000000       1.54113686    
         177   0.00000000       0.00000000       1.54111898    
         178   0.00000000       0.00000000       1.54110110    
         179   0.00000000       0.00000000       1.54108334    
         180   0.00000000       0.00000000       1.54106545    
         181   0.00000000       0.00000000       1.54104745    
         182   0.00000000       0.00000000       1.54102957    
         183   0.00000000       0.00000000       1.54101181    
         184   0.00000000       0.00000000       1.54099393    
         185   0.00000000       0.00000000       1.54097593    
         186   0.00000000       0.00000000       1.54095805    
         187   0.00000000       0.00000000       1.54094017    
         188   0.00000000       0.00000000       1.54092240    
         189   0.00000000       0.00000000       1.54090452    
         190   0.00000000       0.00000000       1.54088652    
         191   0.00000000       0.00000000       1.54086864    
         192   0.00000000       0.00000000       1.54085088    
         193   0.00000000       0.00000000       1.54083300    
         194   0.00000000       0.00000000       1.54081511    
         195   0.00000000       0.00000000       1.54079723    
         196   0.00000000       0.00000000       1.54077935    
         197   0.00000000       0.00000000       1.54076159    
         198   0.00000000       0.00000000       1.54074371    
         199   0.00000000       0.00000000       1.54072571    
         200   0.00000000       0.00000000       1.54070783    
         201   0.00000000       0.00000000       1.54069006    
         202   0.00000000       0.00000000       1.54067218    
         203   0.00000000       0.00000000       1.54065430    
         204   0.00000000       0.00000000       1.54063642    
         205   0.00000000       0.00000000       1.54061866    
         206   0.00000000       0.00000000       1.54060078    
         207   0.00000000       0.00000000       1.54058290    
         208   0.00000000       0.00000000       1.54056478    
         209   0.00000000       0.00000000       1.54054689    
         210   0.00000000       0.00000000       1.54052913    
         211   0.00000000       0.00000000       1.54051125    
         212   0.00000000       0.00000000       1.54049337    
         213   0.00000000       0.00000000       1.54047549    
         214   0.00000000       0.00000000       1.54045773    
         215   0.00000000       0.00000000       1.54043984    
         216   0.00000000       0.00000000       1.54042184    
         217   0.00000000       0.00000000       1.54040396    
         218   0.00000000       0.00000000       1.54038620    
         219   0.00000000       0.00000000       1.54036832    
         220   0.00000000       0.00000000       1.54035044    
         221   0.00000000       0.00000000       1.54033256    
         222   0.00000000       0.00000000       1.54031467    
         223   0.00000000       0.00000000       1.54029691    
         224   0.00000000       0.00000000       1.54027903    
         225   0.00000000       0.00000000       1.54026103    
         226   0.00000000       0.00000000       1.54024315    
         227   0.00000000       0.00000000       1.54022539    
         228   0.00000000       0.00000000       1.54020751    
         229   0.00000000       0.00000000       1.54018962    
         230   0.00000000       0.00000000       1.54017162    
         231   0.00000000       0.00000000       1.54015386    
         232   0.00000000       0.00000000       1.54013598    
         233   0.00000000       0.00000000       1.54011810    
         234   0.00000000       0.00000000       1.54010010    
         235   0.00000000       0.00000000       1.54008222    
         236   0.00000000       0.00000000       1.54006445    
         237   0.00000000       0.00000000       1.54004657    
         238   0.00000000       0.00000000       1.54002869    
         239   0.00000000       0.00000000       1.54001081    
         240   0.00000000       0.00000000       1.53999305    
         241   0.00000000       0.00000000       1.53997517    
         242   0.00000000       0.00000000       1.53995728    
         243   0.00000000       0.00000000       1.53993928    
         244   0.00000000       0.00000000       1.53992128    
         245   0.00000000       0.00000000       1.53990352    
         246   0.00000000       0.00000000       1.53988564    
         247   0.00000000       0.00000000       1.53986776    
         248   0.00000000       0.00000000       1.53984988    
         249   0.00000000       0.00000000       1.53983212    
         250   0.00000000       0.00000000       1.53981423    
         251   0.00000000       0.00000000       1.53979635    
         252   0.00000000       0.00000000       1.53977835    
         253   0.00000000       0.00000000       1.53976059    
         254   0.00000000       0.00000000       1.53974271    
         255   0.00000000       0.00000000       1.53972483    
         256   0.00000000       0.00000000       1.53970695    
         257   0.00000000       0.00000000       1.53968906    
         258   0.00000000       0.00000000       1.53967130    
         259   0.00000000       0.00000000       1.53965342    
         260   0.00000000       0.00000000       1.53963542    
         261   0.00000000       0.00000000       1.53961754    
         262   0.00000000       0.00000000       1.53959978    
         263   0.00000000       0.00000000       1.53958189    
         264   0.00000000       0.00000000       1.53956401    
         265   0.00000000       0.00000000       1.53954613    
         266   0.00000000       0.00000000       1.53952837    
         267   0.00000000       0.00000000       1.53951049    
         268   0.00000000       0.00000000       1.53949261    
         269   0.00000000       0.00000000       1.53947449    
         270   0.00000000       0.00000000       1.53945661    
         271   0.00000000       0.00000000       1.53943884    
         272   0.00000000       0.00000000       1.53942096    
         273   0.00000000       0.00000000       1.53940308    
         274   0.00000000       0.00000000       1.53938520    
         275   0.00000000       0.00000000       1.53936744    
         276   0.00000000       0.00000000       1.53934956    
         277   0.00000000       0.00000000       1.53933167    
         278   0.00000000       0.00000000       1.53931367    
         279   0.00000000       0.00000000       1.53929591    
         280   0.00000000       0.00000000       1.53927803    
         281   0.00000000       0.00000000       1.53926015    
         282   0.00000000       0.00000000       1.53924227    
         283   0.00000000       0.00000000       1.53922439    
         284   0.00000000       0.00000000       1.53920650    
         285   0.00000000       0.00000000       1.53918862    
         286   0.00000000       0.00000000       1.53917074    
         287   0.00000000       0.00000000       1.53915286    
         288   0.00000000       0.00000000       1.53913510    
         289   0.00000000       0.00000000       1.53911710    
         290   0.00000000       0.00000000       1.53909922    
         291   0.00000000       0.00000000       1.53908134    
         292   0.00000000       0.00000000       1.53906345    
         293   0.00000000       0.00000000       1.53904569    
         294   0.00000000       0.00000000       1.53902781    
         295   0.00000000       0.00000000       1.53900993    
         296   0.00000000       0.00000000       1.53899193    
         297   0.00000000       0.00000000       1.53897417    
         298   0.00000000       0.00000000       1.53895628    
         299   0.00000000       0.00000000       1.53893840    
         300   0.00000000       0.00000000       1.53892052    
         301   0.00000000       0.00000000       1.53890276    
         302   0.00000000       0.00000000       1.53888488    
         303   0.00000000       0.00000000       1.53886700    
         304   0.00000000       0.00000000       1.53884912    
         305   0.00000000       0.00000000       1.53883100    
         306   0.00000000       0.00000000       1.53881323    
         307   0.00000000       0.00000000       1.53879535    
         308   0.00000000       0.00000000       1.53877747    
         309   0.00000000       0.00000000       1.53875959    
         310   0.00000000       0.00000000       1.53874183    
         311   0.00000000       0.00000000       1.53872395    
         312   0.00000000       0.00000000       1.53870606    
         313   0.00000000       0.00000000       1.53868806    
         314   0.00000000       0.00000000       1.53867030    
         315   0.00000000       0.00000000       1.53865242    
         316   0.00000000       0.00000000       1.53863454    
         317   0.00000000       0.00000000       1.53861666    
         318   0.00000000       0.00000000       1.53859878    
         319   0.00000000       0.00000000       1.53858101    
         320   0.00000000       0.00000000       1.53856313    
         321   0.00000000       0.00000000       1.53854525    
         322   0.00000000       0.00000000       1.53852725    
         323   0.00000000       0.00000000       1.53850949    
         324   0.00000000       0.00000000       1.53849161    
         325   0.00000000       0.00000000       1.53847373    
         326   0.00000000       0.00000000       1.53845584    
         327   0.00000000       0.00000000       1.53843808    
         328   0.00000000       0.00000000       1.53842008    
         329   0.00000000       0.00000000       1.53840220    
         330   0.00000000       0.00000000       1.53838432    
         331   0.00000000       0.00000000       1.53836632    
         332   0.00000000       0.00000000       1.53834856    
         333   0.00000000       0.00000000       1.53833067    
         334   0.00000000       0.00000000       1.53831279    
         335   0.00000000       0.00000000       1.53829491    
         336   0.00000000       0.00000000       1.53827715    
         337   0.00000000       0.00000000       1.53825927    
         338   0.00000000       0.00000000       1.53824139    
         339   0.00000000       0.00000000       1.53822351    
         340   0.00000000       0.00000000       1.53820562    
         341   0.00000000       0.00000000       1.53818774    
         342   0.00000000       0.00000000       1.53816986    
         343   0.00000000       0.00000000       1.53815186    
         344   0.00000000       0.00000000       1.53813398    
         345   0.00000000       0.00000000       1.53811622    
         346   0.00000000       0.00000000       1.53809834    
         347   0.00000000       0.00000000       1.53808045    
         348   0.00000000       0.00000000       1.53806257    
         349   0.00000000       0.00000000       1.53804469    
         350   0.00000000       0.00000000       1.53802681    
         351   0.00000000       0.00000000       1.53800893    
         352   0.00000000       0.00000000       1.53799105    
         353   0.00000000       0.00000000       1.53797317    
         354   0.00000000       0.00000000       1.53795540    
         355   0.00000000       0.00000000       1.53793752    
         356   0.00000000       0.00000000       1.53791964    
         357   0.00000000       0.00000000       1.53790164    
         358   0.00000000       0.00000000       1.53788388    
         359   0.00000000       0.00000000       1.53786600    
         360   0.00000000       0.00000000       1.53784811    
         361   0.00000000       0.00000000       1.53783023    
         362   0.00000000       0.00000000       1.53781247    
         363   0.00000000       0.00000000       1.53779459    
         364   0.00000000       0.00000000       1.53777671    
         365   0.00000000       0.00000000       1.53775883    
         366   0.00000000       0.00000000       1.53774071    
         367   0.00000000       0.00000000       1.53772295    
         368   0.00000000       0.00000000       1.53770506    
         369   0.00000000       0.00000000       1.53768718    
         370   0.00000000       0.00000000       1.53766930    
         371   0.00000000       0.00000000       1.53765154    
         372   0.00000000       0.00000000       1.53763366    
         373   0.00000000       0.00000000       1.53761578    
         374   0.00000000       0.00000000       1.53759789    
         375   0.00000000       0.00000000       1.53758001    
         376   0.00000000       0.00000000       1.53756213    
         377   0.00000000       0.00000000       1.53754425    
         378   0.00000000       0.00000000       1.53752637    
         379   0.00000000       0.00000000       1.53750849    
         380   0.00000000       0.00000000       1.53749073    
         381   0.00000000       0.00000000       1.53747284    
         382   0.00000000       0.00000000       1.53745484    
         383   0.00000000       0.00000000       1.53743696    
         384   0.00000000       0.00000000       1.53741920    
         385   0.00000000       0.00000000       1.53740132    
         386   0.00000000       0.00000000       1.53738344    
         387   0.00000000       0.00000000       1.53736544    
         388   0.00000000       0.00000000       1.53734756    
         389   0.00000000       0.00000000       1.53732979    
         390   0.00000000       0.00000000       1.53731191    
         391   0.00000000       0.00000000       1.53729403    
         392   0.00000000       0.00000000       1.53727615    
         393   0.00000000       0.00000000       1.53725827    
         394   0.00000000       0.00000000       1.53724039    
         395   0.00000000       0.00000000       1.53722250    
         396   0.00000000       0.00000000       1.53720462    
         397   0.00000000       0.00000000       1.53718686    
         398   0.00000000       0.00000000       1.53716898    
         399   0.00000000       0.00000000       1.53715110    
         400   0.00000000       0.00000000       1.53713322    
         401   0.00000000       0.00000000       1.53711534    
         402   0.00000000       0.00000000       1.53709733    
         403   0.00000000       0.00000000       1.53707945    
         404   0.00000000       0.00000000       1.53706157    
         405   0.00000000       0.00000000       1.53704369    
         406   0.00000000       0.00000000       1.53702593    
         407   0.00000000       0.00000000       1.53700805    
         408   0.00000000       0.00000000       1.53699017    
         409   0.00000000       0.00000000       1.53697228    
         410   0.00000000       0.00000000       1.53695440    
         411   0.00000000       0.00000000       1.53693652    
         412   0.00000000       0.00000000       1.53691864    
         413   0.00000000       0.00000000       1.53690076    
         414   0.00000000       0.00000000       1.53688288    
         415   0.00000000       0.00000000       1.53686512    
         416   0.00000000       0.00000000       1.53684723    
         417   0.00000000       0.00000000       1.53682935    
         418   0.00000000       0.00000000       1.53681147    
         419   0.00000000       0.00000000       1.53679359    
         420   0.00000000       0.00000000       1.53677571    
         421   0.00000000       0.00000000       1.53675783    
         422   0.00000000       0.00000000       1.53673995    
         423   0.00000000       0.00000000       1.53672218    
         424   0.00000000       0.00000000       1.53670430    
         425   0.00000000       0.00000000       1.53668642    
         426   0.00000000       0.00000000       1.53666854    
         427   0.00000000       0.00000000       1.53665054    
         428   0.00000000       0.00000000       1.53663266    
         429   0.00000000       0.00000000       1.53661478    
         430   0.00000000       0.00000000       1.53659689    
         431   0.00000000       0.00000000       1.53657901    
         432   0.00000000       0.00000000       1.53656125    
         433   0.00000000       0.00000000       1.53654337    
         434   0.00000000       0.00000000       1.53652549    
         435   0.00000000       0.00000000       1.53650761    
         436   0.00000000       0.00000000       1.53648984    
         437   0.00000000       0.00000000       1.53647184    
         438   0.00000000       0.00000000       1.53645396    
         439   0.00000000       0.00000000       1.53643608    
         440   0.00000000       0.00000000       1.53641820    
         441   0.00000000       0.00000000       1.53640032    
         442   0.00000000       0.00000000       1.53638244    
         443   0.00000000       0.00000000       1.53636456    
         444   0.00000000       0.00000000       1.53634667    
         445   0.00000000       0.00000000       1.53632891    
         446   0.00000000       0.00000000       1.53631091    
         447   0.00000000       0.00000000       1.53629303    
         448   0.00000000       0.00000000       1.53627515    
         449   0.00000000       0.00000000       1.53625727    
         450   0.00000000       0.00000000       1.53623950    
         451   0.00000000       0.00000000       1.53622162    
         452   0.00000000       0.00000000       1.53620374    
         453   0.00000000       0.00000000       1.53618586    
         454   0.00000000       0.00000000       1.53616798    
         455   0.00000000       0.00000000       1.53615010    
         456   0.00000000       0.00000000       1.53613222    
         457   0.00000000       0.00000000       1.53611434    
         458   0.00000000       0.00000000       1.53609657    
         459   0.00000000       0.00000000       1.53607869    
         460   0.00000000       0.00000000       1.53606081    
         461   0.00000000       0.00000000       1.53604293    
         462   0.00000000       0.00000000       1.53602505    
         463   0.00000000       0.00000000       1.53600705    
         464   0.00000000       0.00000000       1.53598917    
         465   0.00000000       0.00000000       1.53597128    
         466   0.00000000       0.00000000       1.53595340    
         467   0.00000000       0.00000000       1.53593564    
         468   0.00000000       0.00000000       1.53591776    
         469   0.00000000       0.00000000       1.53589988    
         470   0.00000000       0.00000000       1.53588200    
         471   0.00000000       0.00000000       1.53586423    
         472   0.00000000       0.00000000       1.53584623    
         473   0.00000000       0.00000000       1.53582835    
         474   0.00000000       0.00000000       1.53581047    
         475   0.00000000       0.00000000       1.53579259    
         476   0.00000000       0.00000000       1.53577483    
         477   0.00000000       0.00000000       1.53575695    
         478   0.00000000       0.00000000       1.53573906    
         479   0.00000000       0.00000000       1.53572118    
         480   0.00000000       0.00000000       1.53570342    
         481   0.00000000       0.00000000       1.53568542    
         482   0.00000000       0.00000000       1.53566754    
         483   0.00000000       0.00000000       1.53564966    
         484   0.00000000       0.00000000       1.53563190    
         485   0.00000000       0.00000000       1.53561401    
         486   0.00000000       0.00000000       1.53559601    
         487   0.00000000       0.00000000       1.53557813    
         488   0.00000000       0.00000000       1.53556025    
         489   0.00000000       0.00000000       1.53554249    
         490   0.00000000       0.00000000       1.53552449    
         491   0.00000000       0.00000000       1.53550661    
         492   0.00000000       0.00000000       1.53548872    
         493   0.00000000       0.00000000       1.53547096    
         494   0.00000000       0.00000000       1.53545308    
         495   0.00000000       0.00000000       1.53543520    
         496   0.00000000       0.00000000       1.53541732    
         497   0.00000000       0.00000000       1.53539944    
         498   0.00000000       0.00000000       1.53538156    
         499   0.00000000       0.00000000       1.53536367    
         500   0.00000000       0.00000000       1.53534567    
         501   0.00000000       0.00000000       1.53532779    
         502   0.00000000       0.00000000       1.53531003    
         503   0.00000000       0.00000000       1.53529215    
         504   0.00000000       0.00000000       1.53527427    
         505   0.00000000       0.00000000       1.53525639    
         506   0.00000000       0.00000000       1.53523862    
         507   0.00000000       0.00000000       1.53522062    
         508   0.00000000       0.00000000       1.53520274    
         509   0.00000000       0.00000000       1.53518486    
         510   0.00000000       0.00000000       1.53516698    
         511   0.00000000       0.00000000       1.53514922    
         512   0.00000000       0.00000000       1.53513134    
         513   0.00000000       0.00000000       1.53511345    
         514   0.00000000       0.00000000       1.53509557    
         515   0.00000000       0.00000000       1.53507781    
         516   0.00000000       0.00000000       1.53505981    
         517   0.00000000       0.00000000       1.53504193    
         518   0.00000000       0.00000000       1.53502405    
         519   0.00000000       0.00000000       1.53500628    
         520   0.00000000       0.00000000       1.53498840    
         521   0.00000000       0.00000000       1.53497052    
         522   0.00000000       0.00000000       1.53495264    
         523   0.00000000       0.00000000       1.53493476    
         524   0.00000000       0.00000000       1.53491700    
         525   0.00000000       0.00000000       1.53489888    
         526   0.00000000       0.00000000       1.53488100    
         527   0.00000000       0.00000000       1.53486311    
         528   0.00000000       0.00000000       1.53484535    
         529   0.00000000       0.00000000       1.53482747    
         530   0.00000000       0.00000000       1.53480959    
         531   0.00000000       0.00000000       1.53479171    
         532   0.00000000       0.00000000       1.53477395    
         533   0.00000000       0.00000000       1.53475606    
         534   0.00000000       0.00000000       1.53473806    
         535   0.00000000       0.00000000       1.53472018    
         536   0.00000000       0.00000000       1.53470230    
         537   0.00000000       0.00000000       1.53468454    
         538   0.00000000       0.00000000       1.53466666    
         539   0.00000000       0.00000000       1.53464878    
         540   0.00000000       0.00000000       1.53463078    
         541   0.00000000       0.00000000       1.53461301    
         542   0.00000000       0.00000000       1.53459513    
         543   0.00000000       0.00000000       1.53457725    
         544   0.00000000       0.00000000       1.53455937    
         545   0.00000000       0.00000000       1.53454137    
         546   0.00000000       0.00000000       1.53452361    
         547   0.00000000       0.00000000       1.53450572    
         548   0.00000000       0.00000000       1.53448784    
         549   0.00000000       0.00000000       1.53446996    
         550   0.00000000       0.00000000       1.53445220    
         551   0.00000000       0.00000000       1.53443420    
         552   0.00000000       0.00000000       1.53441632    
         553   0.00000000       0.00000000       1.53439844    
         554   0.00000000       0.00000000       1.53438067    
         555   0.00000000       0.00000000       1.53436279    
         556   0.00000000       0.00000000       1.53434491    
         557   0.00000000       0.00000000       1.53432703    
         558   0.00000000       0.00000000       1.53430915    
         559   0.00000000       0.00000000       1.53429139    
         560   0.00000000       0.00000000       1.53427327    
         561   0.00000000       0.00000000       1.53425539    
         562   0.00000000       0.00000000       1.53423750    
         563   0.00000000       0.00000000       1.53421974    
         564   0.00000000       0.00000000       1.53420186    
         565   0.00000000       0.00000000       1.53418398    
         566   0.00000000       0.00000000       1.53416610    
         567   0.00000000       0.00000000       1.53414834    
         568   0.00000000       0.00000000       1.53413045    
         569   0.00000000       0.00000000       1.53411245    
         570   0.00000000       0.00000000       1.53409457    
         571   0.00000000       0.00000000       1.53407669    
         572   0.00000000       0.00000000       1.53405893    
         573   0.00000000       0.00000000       1.53404105    
         574   0.00000000       0.00000000       1.53402317    
         575   0.00000000       0.00000000       1.53400528    
         576   0.00000000       0.00000000       1.53398752    
         577   0.00000000       0.00000000       1.53396964    
         578   0.00000000       0.00000000       1.53395164    
         579   0.00000000       0.00000000       1.53393376    
         580   0.00000000       0.00000000       1.53391600    
         581   0.00000000       0.00000000       1.53389812    
         582   0.00000000       0.00000000       1.53388023    
         583   0.00000000       0.00000000       1.53386235    
         584   0.00000000       0.00000000       1.53384435    
         585   0.00000000       0.00000000       1.53382659    
         586   0.00000000       0.00000000       1.53380871    
         587   0.00000000       0.00000000       1.53379071    
         588   0.00000000       0.00000000       1.53377283    
         589   0.00000000       0.00000000       1.53375506    
         590   0.00000000       0.00000000       1.53373718    
         591   0.00000000       0.00000000       1.53371930    
         592   0.00000000       0.00000000       1.53370142    
         593   0.00000000       0.00000000       1.53368354    
         594   0.00000000       0.00000000       1.53366578    
         595   0.00000000       0.00000000       1.53364778    
         596   0.00000000       0.00000000       1.53362989    
         597   0.00000000       0.00000000       1.53361201    
         598   0.00000000       0.00000000       1.53359425    
         599   0.00000000       0.00000000       1.53357625    
         600   0.00000000       0.00000000       1.53355837    
         601   0.00000000       0.00000000       1.53354049    
         602   0.00000000       0.00000000       1.53352273    
         603   0.00000000       0.00000000       1.53350484    
         604   0.00000000       0.00000000       1.53348684    
         605   0.00000000       0.00000000       1.53346896    
         606   0.00000000       0.00000000       1.53345108    
         607   0.00000000       0.00000000       1.53343332    
         608   0.00000000       0.00000000       1.53341544    
         609   0.00000000       0.00000000       1.53339756    
         610   0.00000000       0.00000000       1.53337967    
         611   0.00000000       0.00000000       1.53336191    
         612   0.00000000       0.00000000       1.53334403    
         613   0.00000000       0.00000000       1.53332603    
         614   0.00000000       0.00000000       1.53330815    
         615   0.00000000       0.00000000       1.53329039    
         616   0.00000000       0.00000000       1.53327250    
         617   0.00000000       0.00000000       1.53325462    
         618   0.00000000       0.00000000       1.53323674    
         619   0.00000000       0.00000000       1.53321886    
         620   0.00000000       0.00000000       1.53320110    
         621   0.00000000       0.00000000       1.53318322    
         622   0.00000000       0.00000000       1.53316510    
         623   0.00000000       0.00000000       1.53314722    
         624   0.00000000       0.00000000       1.53312945    
         625   0.00000000       0.00000000       1.53311157    
         626   0.00000000       0.00000000       1.53309369    
         627   0.00000000       0.00000000       1.53307581    
         628   0.00000000       0.00000000       1.53305805    
         629   0.00000000       0.00000000       1.53304017    
         630   0.00000000       0.00000000       1.53302228    
         631   0.00000000       0.00000000       1.53300428    
         632   0.00000000       0.00000000       1.53298640    
         633   0.00000000       0.00000000       1.53296864    
         634   0.00000000       0.00000000       1.53295076    
         635   0.00000000       0.00000000       1.53293288    
         636   0.00000000       0.00000000       1.53291500    
         637   0.00000000       0.00000000       1.53289723    
         638   0.00000000       0.00000000       1.53287923    
         639   0.00000000       0.00000000       1.53286135    
         640   0.00000000       0.00000000       1.53284347    
         641   0.00000000       0.00000000       1.53282571    
         642   0.00000000       0.00000000       1.53280783    
         643   0.00000000       0.00000000       1.53278983    
         644   0.00000000       0.00000000       1.53277194    
         645   0.00000000       0.00000000       1.53275406    
         646   0.00000000       0.00000000       1.53273630    
         647   0.00000000       0.00000000       1.53271842    
         648   0.00000000       0.00000000       1.53270042    
         649   0.00000000       0.00000000       1.53268254    
         650   0.00000000       0.00000000       1.53266478    
         651   0.00000000       0.00000000       1.53264689    
         652   0.00000000       0.00000000       1.53262901    
         653   0.00000000       0.00000000       1.53261113    
         654   0.00000000       0.00000000       1.53259325    
         655   0.00000000       0.00000000       1.53257549    
         656   0.00000000       0.00000000       1.53255761    
         657   0.00000000       0.00000000       1.53253961    
         658   0.00000000       0.00000000       1.53252161    
         659   0.00000000       0.00000000       1.53250384    
         660   0.00000000       0.00000000       1.53248596    
         661   0.00000000       0.00000000       1.53246808    
         662   0.00000000       0.00000000       1.53245020    
         663   0.00000000       0.00000000       1.53243244    
         664   0.00000000       0.00000000       1.53241456    
         665   0.00000000       0.00000000       1.53239667    
         666   0.00000000       0.00000000       1.53237867    
         667   0.00000000       0.00000000       1.53236079    
         668   0.00000000       0.00000000       1.53234303    
         669   0.00000000       0.00000000       1.53232515    
         670   0.00000000       0.00000000       1.53230727    
         671   0.00000000       0.00000000       1.53228939    
         672   0.00000000       0.00000000       1.53227162    
         673   0.00000000       0.00000000       1.53225374    
         674   0.00000000       0.00000000       1.53223586    
         675   0.00000000       0.00000000       1.53221786    
         676   0.00000000       0.00000000       1.53220010    
         677   0.00000000       0.00000000       1.53218222    
         678   0.00000000       0.00000000       1.53216434    
         679   0.00000000       0.00000000       1.53214645    
         680   0.00000000       0.00000000       1.53212857    
         681   0.00000000       0.00000000       1.53211081    
         682   0.00000000       0.00000000       1.53209293    
         683   0.00000000       0.00000000       1.53207493    
         684   0.00000000       0.00000000       1.53205693    
         685   0.00000000       0.00000000       1.53203917    
         686   0.00000000       0.00000000       1.53202128    
         687   0.00000000       0.00000000       1.53200340    
         688   0.00000000       0.00000000       1.53198552    
         689   0.00000000       0.00000000       1.53196776    
         690   0.00000000       0.00000000       1.53194988    
         691   0.00000000       0.00000000       1.53193200    
         692   0.00000000       0.00000000       1.53191400    
         693   0.00000000       0.00000000       1.53189611    
         694   0.00000000       0.00000000       1.53187835    
         695   0.00000000       0.00000000       1.53186047    
         696   0.00000000       0.00000000       1.53184259    
         697   0.00000000       0.00000000       1.53182459    
         698   0.00000000       0.00000000       1.53180683    
         699   0.00000000       0.00000000       1.53178895    
         700   0.00000000       0.00000000       1.53177106    
         701   0.00000000       0.00000000       1.53175318    
         702   0.00000000       0.00000000       1.53173518    
         703   0.00000000       0.00000000       1.53171742    
         704   0.00000000       0.00000000       1.53169954    
         705   0.00000000       0.00000000       1.53168166    
         706   0.00000000       0.00000000       1.53166378    
         707   0.00000000       0.00000000       1.53164601    
         708   0.00000000       0.00000000       1.53162813    
         709   0.00000000       0.00000000       1.53161025    
         710   0.00000000       0.00000000       1.53159225    
         711   0.00000000       0.00000000       1.53157449    
         712   0.00000000       0.00000000       1.53155661    
         713   0.00000000       0.00000000       1.53153872    
         714   0.00000000       0.00000000       1.53152084    
         715   0.00000000       0.00000000       1.53150296    
         716   0.00000000       0.00000000       1.53148520    
         717   0.00000000       0.00000000       1.53146732    
         718   0.00000000       0.00000000       1.53144944    
         719   0.00000000       0.00000000       1.53143132    
         720   0.00000000       0.00000000       1.53141356    
         721   0.00000000       0.00000000       1.53139567    
         722   0.00000000       0.00000000       1.53137779    
         723   0.00000000       0.00000000       1.53135991    
         724   0.00000000       0.00000000       1.53134215    
         725   0.00000000       0.00000000       1.53132427    
         726   0.00000000       0.00000000       1.53130639    
         727   0.00000000       0.00000000       1.53128839    
         728   0.00000000       0.00000000       1.53127050    
         729   0.00000000       0.00000000       1.53125274    
         730   0.00000000       0.00000000       1.53123486    
         731   0.00000000       0.00000000       1.53121698    
         732   0.00000000       0.00000000       1.53119910    
         733   0.00000000       0.00000000       1.53118134    
         734   0.00000000       0.00000000       1.53116345    
         735   0.00000000       0.00000000       1.53114557    
         736   0.00000000       0.00000000       1.53112757    
         737   0.00000000       0.00000000       1.53110981    
         738   0.00000000       0.00000000       1.53109193    
         739   0.00000000       0.00000000       1.53107405    
         740   0.00000000       0.00000000       1.53105617    
         741   0.00000000       0.00000000       1.53103828    
         742   0.00000000       0.00000000       1.53102040    
         743   0.00000000       0.00000000       1.53100252    
         744   0.00000000       0.00000000       1.53098464    
         745   0.00000000       0.00000000       1.53096664    
         746   0.00000000       0.00000000       1.53094888    
         747   0.00000000       0.00000000       1.53093100    
         748   0.00000000       0.00000000       1.53091311    
         749   0.00000000       0.00000000       1.53089523    
         750   0.00000000       0.00000000       1.53087735    
         751   0.00000000       0.00000000       1.53085959    
         752   0.00000000       0.00000000       1.53084171    
         753   0.00000000       0.00000000       1.53082383    
         754   0.00000000       0.00000000       1.53080583    
         755   0.00000000       0.00000000       1.53078806    
         756   0.00000000       0.00000000       1.53077018    
         757   0.00000000       0.00000000       1.53075218    
         758   0.00000000       0.00000000       1.53073430    
         759   0.00000000       0.00000000       1.53071654    
         760   0.00000000       0.00000000       1.53069866    
         761   0.00000000       0.00000000       1.53068078    
         762   0.00000000       0.00000000       1.53066289    
         763   0.00000000       0.00000000       1.53064489    
         764   0.00000000       0.00000000       1.53062713    
         765   0.00000000       0.00000000       1.53060925    
         766   0.00000000       0.00000000       1.53059137    
         767   0.00000000       0.00000000       1.53057349    
         768   0.00000000       0.00000000       1.53055573    
         769   0.00000000       0.00000000       1.53053784    
         770   0.00000000       0.00000000       1.53051996    
         771   0.00000000       0.00000000       1.53050208    
         772   0.00000000       0.00000000       1.53048420    
         773   0.00000000       0.00000000       1.53046632    
         774   0.00000000       0.00000000       1.53044844    
         775   0.00000000       0.00000000       1.53043056    
         776   0.00000000       0.00000000       1.53041267    
         777   0.00000000       0.00000000       1.53039491    
         778   0.00000000       0.00000000       1.53037703    
         779   0.00000000       0.00000000       1.53035915    
         780   0.00000000       0.00000000       1.53034103    
         781   0.00000000       0.00000000       1.53032327    
         782   0.00000000       0.00000000       1.53030539    
         783   0.00000000       0.00000000       1.53028750    
         784   0.00000000       0.00000000       1.53026962    
         785   0.00000000       0.00000000       1.53025186    
         786   0.00000000       0.00000000       1.53023398    
         787   0.00000000       0.00000000       1.53021610    
         788   0.00000000       0.00000000       1.53019822    
         789   0.00000000       0.00000000       1.53018022    
         790   0.00000000       0.00000000       1.53016245    
         791   0.00000000       0.00000000       1.53014457    
         792   0.00000000       0.00000000       1.53012669    
         793   0.00000000       0.00000000       1.53010881    
         794   0.00000000       0.00000000       1.53009105    
         795   0.00000000       0.00000000       1.53007317    
         796   0.00000000       0.00000000       1.53005517    
         797   0.00000000       0.00000000       1.53003728    
         798   0.00000000       0.00000000       1.53001952    
         799   0.00000000       0.00000000       1.53000164    
         800   0.00000000       0.00000000       1.52998376    
         801   0.00000000       0.00000000       1.52996576    
         802   0.00000000       0.00000000       1.52994788    
         803   0.00000000       0.00000000       1.52993011    
         804   0.00000000       0.00000000       1.52991223    
         805   0.00000000       0.00000000       1.52989435    
         806   0.00000000       0.00000000       1.52987647    
         807   0.00000000       0.00000000       1.52985859    
         808   0.00000000       0.00000000       1.52984071    
         809   0.00000000       0.00000000       1.52982283    
         810   0.00000000       0.00000000       1.52980494    
         811   0.00000000       0.00000000       1.52978706    
         812   0.00000000       0.00000000       1.52976930    
         813   0.00000000       0.00000000       1.52975142    
         814   0.00000000       0.00000000       1.52973354    
         815   0.00000000       0.00000000       1.52971566    
         816   0.00000000       0.00000000       1.52969766    
         817   0.00000000       0.00000000       1.52967978    
         818   0.00000000       0.00000000       1.52966189    
         819   0.00000000       0.00000000       1.52964401    
         820   0.00000000       0.00000000       1.52962625    
         821   0.00000000       0.00000000       1.52960837    
         822   0.00000000       0.00000000       1.52959049    
         823   0.00000000       0.00000000       1.52957261    
         824   0.00000000       0.00000000       1.52955461    
         825   0.00000000       0.00000000       1.52953684    
         826   0.00000000       0.00000000       1.52951896    
         827   0.00000000       0.00000000       1.52950108    
         828   0.00000000       0.00000000       1.52948320    
         829   0.00000000       0.00000000       1.52946544    
         830   0.00000000       0.00000000       1.52944756    
         831   0.00000000       0.00000000       1.52942967    
         832   0.00000000       0.00000000       1.52941179    
         833   0.00000000       0.00000000       1.52939391    
         834   0.00000000       0.00000000       1.52937603    
         835   0.00000000       0.00000000       1.52935815    
         836   0.00000000       0.00000000       1.52934027    
         837   0.00000000       0.00000000       1.52932239    
         838   0.00000000       0.00000000       1.52930462    
         839   0.00000000       0.00000000       1.52928674    
         840   0.00000000       0.00000000       1.52926874    
         841   0.00000000       0.00000000       1.52925086    
         842   0.00000000       0.00000000       1.52923298    
         843   0.00000000       0.00000000       1.52921510    
         844   0.00000000       0.00000000       1.52919722    
         845   0.00000000       0.00000000       1.52917933    
         846   0.00000000       0.00000000       1.52916145    
         847   0.00000000       0.00000000       1.52914369    
         848   0.00000000       0.00000000       1.52912581    
         849   0.00000000       0.00000000       1.52910793    
         850   0.00000000       0.00000000       1.52909005    
         851   0.00000000       0.00000000       1.52907217    
         852   0.00000000       0.00000000       1.52905428    
         853   0.00000000       0.00000000       1.52903640    
         854   0.00000000       0.00000000       1.52901852    
         855   0.00000000       0.00000000       1.52900064    
         856   0.00000000       0.00000000       1.52898276    
         857   0.00000000       0.00000000       1.52896488    
         858   0.00000000       0.00000000       1.52894700    
         859   0.00000000       0.00000000       1.52892923    
         860   0.00000000       0.00000000       1.52891123    
         861   0.00000000       0.00000000       1.52889335    
         862   0.00000000       0.00000000       1.52887547    
         863   0.00000000       0.00000000       1.52885759    
         864   0.00000000       0.00000000       1.52883983    
         865   0.00000000       0.00000000       1.52882195    
         866   0.00000000       0.00000000       1.52880406    
         867   0.00000000       0.00000000       1.52878618    
         868   0.00000000       0.00000000       1.52876842    
         869   0.00000000       0.00000000       1.52875042    
         870   0.00000000       0.00000000       1.52873254    
         871   0.00000000       0.00000000       1.52871466    
         872   0.00000000       0.00000000       1.52869678    
         873   0.00000000       0.00000000       1.52867901    
         874   0.00000000       0.00000000       1.52866113    
         875   0.00000000       0.00000000       1.52864325    
         876   0.00000000       0.00000000       1.52862537    
         877   0.00000000       0.00000000       1.52860737    
         878   0.00000000       0.00000000       1.52858949    
         879   0.00000000       0.00000000       1.52857161    
         880   0.00000000       0.00000000       1.52855372    
         881   0.00000000       0.00000000       1.52853596    
         882   0.00000000       0.00000000       1.52851808    
         883   0.00000000       0.00000000       1.52850020    
         884   0.00000000       0.00000000       1.52848232    
         885   0.00000000       0.00000000       1.52846444    
         886   0.00000000       0.00000000       1.52844656    
         887   0.00000000       0.00000000       1.52842867    
         888   0.00000000       0.00000000       1.52841079    
         889   0.00000000       0.00000000       1.52839291    
         890   0.00000000       0.00000000       1.52837515    
         891   0.00000000       0.00000000       1.52835727    
         892   0.00000000       0.00000000       1.52833939    
         893   0.00000000       0.00000000       1.52832150    
         894   0.00000000       0.00000000       1.52830362    
         895   0.00000000       0.00000000       1.52828574    
         896   0.00000000       0.00000000       1.52826786    
         897   0.00000000       0.00000000       1.52824998    
         898   0.00000000       0.00000000       1.52823210    
         899   0.00000000       0.00000000       1.52821434    
         900   0.00000000       0.00000000       1.52819633    
         901   0.00000000       0.00000000       1.52817845    
         902   0.00000000       0.00000000       1.52816057    
         903   0.00000000       0.00000000       1.52814281    
         904   0.00000000       0.00000000       1.52812481    
         905   0.00000000       0.00000000       1.52810693    
         906   0.00000000       0.00000000       1.52808905    
         907   0.00000000       0.00000000       1.52807117    
         908   0.00000000       0.00000000       1.52805340    
         909   0.00000000       0.00000000       1.52803552    
         910   0.00000000       0.00000000       1.52801764    
         911   0.00000000       0.00000000       1.52799976    
         912   0.00000000       0.00000000       1.52798200    
         913   0.00000000       0.00000000       1.52796400    
         914   0.00000000       0.00000000       1.52794600    
         915   0.00000000       0.00000000       1.52792811    
         916   0.00000000       0.00000000       1.52791035    
         917   0.00000000       0.00000000       1.52789247    
         918   0.00000000       0.00000000       1.52787459    
         919   0.00000000       0.00000000       1.52785671    
         920   0.00000000       0.00000000       1.52783883    
         921   0.00000000       0.00000000       1.52782094    
         922   0.00000000       0.00000000       1.52780306    
         923   0.00000000       0.00000000       1.52778518    
         924   0.00000000       0.00000000       1.52776730    
         925   0.00000000       0.00000000       1.52774954    
         926   0.00000000       0.00000000       1.52773166    
         927   0.00000000       0.00000000       1.52771378    
         928   0.00000000       0.00000000       1.52769589    
         929   0.00000000       0.00000000       1.52767813    
         930   0.00000000       0.00000000       1.52766013    
         931   0.00000000       0.00000000       1.52764225    
         932   0.00000000       0.00000000       1.52762437    
         933   0.00000000       0.00000000       1.52760649    
         934   0.00000000       0.00000000       1.52758873    
         935   0.00000000       0.00000000       1.52757084    
         936   0.00000000       0.00000000       1.52755296    
         937   0.00000000       0.00000000       1.52753508    
         938   0.00000000       0.00000000       1.52751732    
         939   0.00000000       0.00000000       1.52749920    
         940   0.00000000       0.00000000       1.52748132    
         941   0.00000000       0.00000000       1.52746344    
         942   0.00000000       0.00000000       1.52744567    
         943   0.00000000       0.00000000       1.52742779    
         944   0.00000000       0.00000000       1.52740991    
         945   0.00000000       0.00000000       1.52739203    
         946   0.00000000       0.00000000       1.52737415    
         947   0.00000000       0.00000000       1.52735639    
         948   0.00000000       0.00000000       1.52733839    
         949   0.00000000       0.00000000       1.52732050    
         950   0.00000000       0.00000000       1.52730262    
         951   0.00000000       0.00000000       1.52728486    
         952   0.00000000       0.00000000       1.52726698    
         953   0.00000000       0.00000000       1.52724910    
         954   0.00000000       0.00000000       1.52723110    
         955   0.00000000       0.00000000       1.52721334    
         956   0.00000000       0.00000000       1.52719545    
         957   0.00000000       0.00000000       1.52717757    
         958   0.00000000       0.00000000       1.52715969    
         959   0.00000000       0.00000000       1.52714169    
         960   0.00000000       0.00000000       1.52712393    
         961   0.00000000       0.00000000       1.52710605    
         962   0.00000000       0.00000000       1.52708817    
         963   0.00000000       0.00000000       1.52707028    
         964   0.00000000       0.00000000       1.52705252    
         965   0.00000000       0.00000000       1.52703464    
         966   0.00000000       0.00000000       1.52701664    
         967   0.00000000       0.00000000       1.52699876    
         968   0.00000000       0.00000000       1.52698088    
         969   0.00000000       0.00000000       1.52696311    
         970   0.00000000       0.00000000       1.52694523    
         971   0.00000000       0.00000000       1.52692735    
         972   0.00000000       0.00000000       1.52690947    
         973   0.00000000       0.00000000       1.52689171    
         974   0.00000000       0.00000000       1.52687359    
         975   0.00000000       0.00000000       1.52685571    
         976   0.00000000       0.00000000       1.52683783    
         977   0.00000000       0.00000000       1.52682006    
         978   0.00000000       0.00000000       1.52680218    
         979   0.00000000       0.00000000       1.52678430    
         980   0.00000000       0.00000000       1.52676642    
         981   0.00000000       0.00000000       1.52674854    
         982   0.00000000       0.00000000       1.52673078    
         983   0.00000000       0.00000000       1.52671278    
         984   0.00000000       0.00000000       1.52669489    
         985   0.00000000       0.00000000       1.52667701    
         986   0.00000000       0.00000000       1.52665925    
         987   0.00000000       0.00000000       1.52664137    
         988   0.00000000       0.00000000       1.52662349    
         989   0.00000000       0.00000000       1.52660561    
         990   0.00000000       0.00000000       1.52658784    
         991   0.00000000       0.00000000       1.52656996    
         992   0.00000000       0.00000000       1.52655196    
         993   0.00000000       0.00000000       1.52653408    
         994   0.00000000       0.00000000       1.52651620    
         995   0.00000000       0.00000000       1.52649844    
         996   0.00000000       0.00000000       1.52648056    
         997   0.00000000       0.00000000       1.52646267    
         998   0.00000000       0.00000000       1.52644467    
         999   0.00000000       0.00000000       1.52642691    
        1000   0.00000000       0.00000000       1.52640903    
        1001   0.00000000       0.00000000       1.52639103    
        1002   0.00000000       0.00000000       1.52637315    
        1003   0.00000000       0.00000000       1.52635527    
        1004   0.00000000       0.00000000       1.52633750    
        1005   0.00000000       0.00000000       1.52631962    
        1006   0.00000000       0.00000000       1.52630174    
        1007   0.00000000       0.00000000       1.52628386    
        1008   0.00000000       0.00000000       1.52626610    
        1009   0.00000000       0.00000000       1.52624810    
        1010   0.00000000       0.00000000       1.52623022    
        1011   0.00000000       0.00000000       1.52621233    
        1012   0.00000000       0.00000000       1.52619457    
        1013   0.00000000       0.00000000       1.52617657    
        1014   0.00000000       0.00000000       1.52615869    
        1015   0.00000000       0.00000000       1.52614081    
        1016   0.00000000       0.00000000       1.52612293    
        1017   0.00000000       0.00000000       1.52610517    
        1018   0.00000000       0.00000000       1.52608716    
        1019   0.00000000       0.00000000       1.52606928    
        1020   0.00000000       0.00000000       1.52605140    
        1021   0.00000000       0.00000000       1.52603364    
        1022   0.00000000       0.00000000       1.52601576    
        1023   0.00000000       0.00000000       1.52599788    
        1024   0.00000000       0.00000000       1.52598000    
        1025   0.00000000       0.00000000       1.52596223    
        1026   0.00000000       0.00000000       1.52594435    
        1027   0.00000000       0.00000000       1.52592635    
        1028   0.00000000       0.00000000       1.52590847    
        1029   0.00000000       0.00000000       1.52589059    
        1030   0.00000000       0.00000000       1.52587283    
        1031   0.00000000       0.00000000       1.52585495    
        1032   0.00000000       0.00000000       1.52583706    
        1033   0.00000000       0.00000000       1.52581918    
        1034   0.00000000       0.00000000       1.52580142    
        1035   0.00000000       0.00000000       1.52578354    
        1036   0.00000000       0.00000000       1.52576542    
        1037   0.00000000       0.00000000       1.52574754    
        1038   0.00000000       0.00000000       1.52572978    
        1039   0.00000000       0.00000000       1.52571189    
        1040   0.00000000       0.00000000       1.52569401    
        1041   0.00000000       0.00000000       1.52567613    
        1042   0.00000000       0.00000000       1.52565825    
        1043   0.00000000       0.00000000       1.52564049    
        1044   0.00000000       0.00000000       1.52562261    
        1045   0.00000000       0.00000000       1.52560461    
        1046   0.00000000       0.00000000       1.52558672    
        1047   0.00000000       0.00000000       1.52556896    
        1048   0.00000000       0.00000000       1.52555108    
        1049   0.00000000       0.00000000       1.52553320    
        1050   0.00000000       0.00000000       1.52551532    
        1051   0.00000000       0.00000000       1.52549744    
        1052   0.00000000       0.00000000       1.52547956    
        1053   0.00000000       0.00000000       1.52546167    
        1054   0.00000000       0.00000000       1.52544379    
        1055   0.00000000       0.00000000       1.52542591    
        1056   0.00000000       0.00000000       1.52540815    
        1057   0.00000000       0.00000000       1.52539015    
        1058   0.00000000       0.00000000       1.52537227    
        1059   0.00000000       0.00000000       1.52535439    
        1060   0.00000000       0.00000000       1.52533662    
        1061   0.00000000       0.00000000       1.52531874    
        1062   0.00000000       0.00000000       1.52530074    
        1063   0.00000000       0.00000000       1.52528286    
        1064   0.00000000       0.00000000       1.52526498    
        1065   0.00000000       0.00000000       1.52524722    
        1066   0.00000000       0.00000000       1.52522933    
        1067   0.00000000       0.00000000       1.52521145    
        1068   0.00000000       0.00000000       1.52519357    
        1069   0.00000000       0.00000000       1.52517581    
        1070   0.00000000       0.00000000       1.52515793    
        1071   0.00000000       0.00000000       1.52513993    
        1072   0.00000000       0.00000000       1.52512193    
        1073   0.00000000       0.00000000       1.52510417    
        1074   0.00000000       0.00000000       1.52508628    
        1075   0.00000000       0.00000000       1.52506840    
        1076   0.00000000       0.00000000       1.52505052    
        1077   0.00000000       0.00000000       1.52503264    
        1078   0.00000000       0.00000000       1.52501488    
        1079   0.00000000       0.00000000       1.52499700    
        1080   0.00000000       0.00000000       1.52497900    
        1081   0.00000000       0.00000000       1.52496111    
        1082   0.00000000       0.00000000       1.52494335    
        1083   0.00000000       0.00000000       1.52492547    
        1084   0.00000000       0.00000000       1.52490759    
        1085   0.00000000       0.00000000       1.52488971    
        1086   0.00000000       0.00000000       1.52487195    
        1087   0.00000000       0.00000000       1.52485406    
        1088   0.00000000       0.00000000       1.52483618    
        1089   0.00000000       0.00000000       1.52481818    
        1090   0.00000000       0.00000000       1.52480030    
        1091   0.00000000       0.00000000       1.52478254    
        1092   0.00000000       0.00000000       1.52476466    
        1093   0.00000000       0.00000000       1.52474678    
        1094   0.00000000       0.00000000       1.52472889    
        1095   0.00000000       0.00000000       1.52471113    
        1096   0.00000000       0.00000000       1.52469325    
        1097   0.00000000       0.00000000       1.52467525    
        1098   0.00000000       0.00000000       1.52465725    
        1099   0.00000000       0.00000000       1.52463937    
        1100   0.00000000       0.00000000       1.52462161    
        1101   0.00000000       0.00000000       1.52460372    
        1102   0.00000000       0.00000000       1.52458584    
        1103   0.00000000       0.00000000       1.52456796    
        1104   0.00000000       0.00000000       1.52455020    
        1105   0.00000000       0.00000000       1.52453232    
        1106   0.00000000       0.00000000       1.52451432    
        1107   0.00000000       0.00000000       1.52449644    
        1108   0.00000000       0.00000000       1.52447867    
        1109   0.00000000       0.00000000       1.52446079    
        1110   0.00000000       0.00000000       1.52444291    
        1111   0.00000000       0.00000000       1.52442491    
        1112   0.00000000       0.00000000       1.52440715    
        1113   0.00000000       0.00000000       1.52438927    
        1114   0.00000000       0.00000000       1.52437139    
        1115   0.00000000       0.00000000       1.52435350    
        1116   0.00000000       0.00000000       1.52433550    
        1117   0.00000000       0.00000000       1.52431774    
        1118   0.00000000       0.00000000       1.52429986    
        1119   0.00000000       0.00000000       1.52428198    
        1120   0.00000000       0.00000000       1.52426410    
        1121   0.00000000       0.00000000       1.52424634    
        1122   0.00000000       0.00000000       1.52422845    
        1123   0.00000000       0.00000000       1.52421057    
        1124   0.00000000       0.00000000       1.52419257    
        1125   0.00000000       0.00000000       1.52417469    
        1126   0.00000000       0.00000000       1.52415693    
        1127   0.00000000       0.00000000       1.52413905    
        1128   0.00000000       0.00000000       1.52412117    
        1129   0.00000000       0.00000000       1.52410328    
        1130   0.00000000       0.00000000       1.52408552    
        1131   0.00000000       0.00000000       1.52406764    
        1132   0.00000000       0.00000000       1.52404976    
        1133   0.00000000       0.00000000       1.52403164    
        1134   0.00000000       0.00000000       1.52401388    
        1135   0.00000000       0.00000000       1.52399600    
        1136   0.00000000       0.00000000       1.52397811    
        1137   0.00000000       0.00000000       1.52396023    
        1138   0.00000000       0.00000000       1.52394235    
        1139   0.00000000       0.00000000       1.52392459    
        1140   0.00000000       0.00000000       1.52390671    
        1141   0.00000000       0.00000000       1.52388883    
        1142   0.00000000       0.00000000       1.52387083    
        1143   0.00000000       0.00000000       1.52385306    
        1144   0.00000000       0.00000000       1.52383518    
        1145   0.00000000       0.00000000       1.52381730    
        1146   0.00000000       0.00000000       1.52379942    
        1147   0.00000000       0.00000000       1.52378154    
        1148   0.00000000       0.00000000       1.52376378    
        1149   0.00000000       0.00000000       1.52374589    
        1150   0.00000000       0.00000000       1.52372801    
        1151   0.00000000       0.00000000       1.52371001    
        1152   0.00000000       0.00000000       1.52369225    
        1153   0.00000000       0.00000000       1.52367437    
        1154   0.00000000       0.00000000       1.52365649    
        1155   0.00000000       0.00000000       1.52363861    
        1156   0.00000000       0.00000000       1.52362072    
        1157   0.00000000       0.00000000       1.52360284    
        1158   0.00000000       0.00000000       1.52358496    
        1159   0.00000000       0.00000000       1.52356696    
        1160   0.00000000       0.00000000       1.52354908    
        1161   0.00000000       0.00000000       1.52353132    
        1162   0.00000000       0.00000000       1.52351344    
        1163   0.00000000       0.00000000       1.52349555    
        1164   0.00000000       0.00000000       1.52347767    
        1165   0.00000000       0.00000000       1.52345991    
        1166   0.00000000       0.00000000       1.52344203    
        1167   0.00000000       0.00000000       1.52342415    
        1168   0.00000000       0.00000000       1.52340615    
        1169   0.00000000       0.00000000       1.52338839    
        1170   0.00000000       0.00000000       1.52337039    
        1171   0.00000000       0.00000000       1.52335250    
        1172   0.00000000       0.00000000       1.52333462    
        1173   0.00000000       0.00000000       1.52331674    
        1174   0.00000000       0.00000000       1.52329898    
        1175   0.00000000       0.00000000       1.52328110    
        1176   0.00000000       0.00000000       1.52326322    
        1177   0.00000000       0.00000000       1.52324522    
        1178   0.00000000       0.00000000       1.52322745    
        1179   0.00000000       0.00000000       1.52320957    
        1180   0.00000000       0.00000000       1.52319169    
        1181   0.00000000       0.00000000       1.52317381    
        1182   0.00000000       0.00000000       1.52315605    
        1183   0.00000000       0.00000000       1.52313817    
        1184   0.00000000       0.00000000       1.52312028    
        1185   0.00000000       0.00000000       1.52310240    
        1186   0.00000000       0.00000000       1.52308440    
        1187   0.00000000       0.00000000       1.52306664    
        1188   0.00000000       0.00000000       1.52304876    
        1189   0.00000000       0.00000000       1.52303088    
        1190   0.00000000       0.00000000       1.52301300    
        1191   0.00000000       0.00000000       1.52299523    
        1192   0.00000000       0.00000000       1.52297735    
        1193   0.00000000       0.00000000       1.52295947    
        1194   0.00000000       0.00000000       1.52294159    
        1195   0.00000000       0.00000000       1.52292359    
        1196   0.00000000       0.00000000       1.52290571    
        1197   0.00000000       0.00000000       1.52288783    
        1198   0.00000000       0.00000000       1.52286994    
        1199   0.00000000       0.00000000       1.52285206    
        1200   0.00000000       0.00000000       1.52283430    
        1201   0.00000000       0.00000000       1.52281642    
        1202   0.00000000       0.00000000       1.52279854    
        1203   0.00000000       0.00000000       1.52278054    
        1204   0.00000000       0.00000000       1.52276278    
        1205   0.00000000       0.00000000       1.52274489    
        1206   0.00000000       0.00000000       1.52272701    
        1207   0.00000000       0.00000000       1.52270913    
        1208   0.00000000       0.00000000       1.52269125    
        1209   0.00000000       0.00000000       1.52267349    
        1210   0.00000000       0.00000000       1.52265549    
        1211   0.00000000       0.00000000       1.52263761    
        1212   0.00000000       0.00000000       1.52261972    
        1213   0.00000000       0.00000000       1.52260196    
        1214   0.00000000       0.00000000       1.52258408    
        1215   0.00000000       0.00000000       1.52256608    
        1216   0.00000000       0.00000000       1.52254820    
        1217   0.00000000       0.00000000       1.52253044    
        1218   0.00000000       0.00000000       1.52251256    
        1219   0.00000000       0.00000000       1.52249467    
        1220   0.00000000       0.00000000       1.52247679    
        1221   0.00000000       0.00000000       1.52245879    
        1222   0.00000000       0.00000000       1.52244103    
        1223   0.00000000       0.00000000       1.52242315    
        1224   0.00000000       0.00000000       1.52240527    
        1225   0.00000000       0.00000000       1.52238739    
        1226   0.00000000       0.00000000       1.52236962    
        1227   0.00000000       0.00000000       1.52235174    
        1228   0.00000000       0.00000000       1.52233386    
        1229   0.00000000       0.00000000       1.52231598    
        1230   0.00000000       0.00000000       1.52229798    
        1231   0.00000000       0.00000000       1.52228010    
        1232   0.00000000       0.00000000       1.52226222    
        1233   0.00000000       0.00000000       1.52224433    
        1234   0.00000000       0.00000000       1.52222645    
        1235   0.00000000       0.00000000       1.52220869    
        1236   0.00000000       0.00000000       1.52219081    
        1237   0.00000000       0.00000000       1.52217293    
        1238   0.00000000       0.00000000       1.52215505    
        1239   0.00000000       0.00000000       1.52213717    
        1240   0.00000000       0.00000000       1.52211928    
        1241   0.00000000       0.00000000       1.52210140    
        1242   0.00000000       0.00000000       1.52208352    
        1243   0.00000000       0.00000000       1.52206576    
        1244   0.00000000       0.00000000       1.52204788    
        1245   0.00000000       0.00000000       1.52203000    
        1246   0.00000000       0.00000000       1.52201211    
        1247   0.00000000       0.00000000       1.52199423    
        1248   0.00000000       0.00000000       1.52197635    
        1249   0.00000000       0.00000000       1.52195847    
        1250   0.00000000       0.00000000       1.52194059    
