           0   0.00000000       5.89022112       5.89022112       26.5717812       6.99920464       0.00000000    
           1   6.18462488E-02   5.89015293       5.89015293       26.5714741       6.99912357       3.96728516E-04
           2  0.123692498       5.89001656       5.89001656       26.5708599       6.99896193       7.93457031E-04
           3  0.185538739       5.88981199       5.88981199       26.5699368       6.99871874       1.19018555E-03
           4  0.247384995       5.88953924       5.88953924       26.5687065       6.99839497       1.58786774E-03
           5  0.309231251       5.88919830       5.88919830       26.5671692       6.99798965       1.98459625E-03
           6  0.371077478       5.88878918       5.88878918       26.5653248       6.99750423       2.38132477E-03
           7  0.432923734       5.88831186       5.88831186       26.5631714       6.99693680       2.77805328E-03
           8  0.494769990       5.88776636       5.88776636       26.5607109       6.99628878       3.17478180E-03
           9  0.556616247       5.88715267       5.88715267       26.5579433       6.99555969       3.57151031E-03
          10  0.618462503       5.88647079       5.88647079       26.5548687       6.99475002       3.96823883E-03
          11  0.680308759       5.88572073       5.88572073       26.5514851       6.99385834       4.36592102E-03
          12  0.742154956       5.88490248       5.88490248       26.5477943       6.99288654       4.76264954E-03
          13  0.804001212       5.88401604       5.88401604       26.5437965       6.99183321       5.15937805E-03
          14  0.865847468       5.88306141       5.88306141       26.5394917       6.99069929       5.55610657E-03
          15  0.927693725       5.88203859       5.88203859       26.5348778       6.98948383       5.95283508E-03
          16  0.989539981       5.88094759       5.88094759       26.5299568       6.98818779       6.34956360E-03
          17   1.05138624       5.87978840       5.87978840       26.5247288       6.98681068       6.74724579E-03
          18   1.11323249       5.87856150       5.87856150       26.5191936       6.98535252       7.14397430E-03
          19   1.17507875       5.87726641       5.87726641       26.5133495       6.98381329       7.54070282E-03
          20   1.23692501       5.87590313       5.87590313       26.5071983       6.98219299       7.93743134E-03
          21   1.29877126       5.87447166       5.87447166       26.5007401       6.98049212       8.33415985E-03
          22   1.36061752       5.87297201       5.87297201       26.4939747       6.97870970       8.73088837E-03
          23   1.42246377       5.87140417       5.87140417       26.4869003       6.97684622       9.12761688E-03
          24   1.48430991       5.86976814       5.86976814       26.4795189       6.97490215       9.52529907E-03
          25   1.54615617       5.86806393       5.86806393       26.4718304       6.97287703       9.92202759E-03
          26   1.60800242       5.86629152       5.86629152       26.4638348       6.97077084       1.03187561E-02
          27   1.66984868       5.86445093       5.86445093       26.4555302       6.96858311       1.07154846E-02
          28   1.73169494       5.86254215       5.86254215       26.4469185       6.96631479       1.11122131E-02
          29   1.79354119       5.86056519       5.86056519       26.4379997       6.96396589       1.15089417E-02
          30   1.85538745       5.85852003       5.85852003       26.4287739       6.96153545       1.19056702E-02
          31   1.91723371       5.85640669       5.85640669       26.4192410       6.95902443       1.23033524E-02
          32   1.97907996       5.85422516       5.85422516       26.4093990       6.95643187       1.27000809E-02
          33   2.04092622       5.85197544       5.85197544       26.3992500       6.95375872       1.30968094E-02
          34   2.10277247       5.84965754       5.84965754       26.3887939       6.95100451       1.34935379E-02
          35   2.16461873       5.84727144       5.84727144       26.3780308       6.94816923       1.38902664E-02
          36   2.22646499       5.84481716       5.84481716       26.3669586       6.94525290       1.42869949E-02
          37   2.28831124       5.84229469       5.84229469       26.3555794       6.94225550       1.46846771E-02
          38   2.35015750       5.83970404       5.83970404       26.3438931       6.93917704       1.50814056E-02
          39   2.41200376       5.83704519       5.83704519       26.3318996       6.93601799       1.54781342E-02
          40   2.47385001       5.83431816       5.83431816       26.3195972       6.93277740       1.58748627E-02
          41   2.53569627       5.83152294       5.83152294       26.3069878       6.92945623       1.62715912E-02
          42   2.59754252       5.82865953       5.82865953       26.2940712       6.92605400       1.66683197E-02
          43   2.65938878       5.82572794       5.82572794       26.2808475       6.92257071       1.70650482E-02
          44   2.72123504       5.82272816       5.82272816       26.2673149       6.91900587       1.74627304E-02
          45   2.78308129       5.81966019       5.81966019       26.2534752       6.91536045       1.78594589E-02
          46   2.84492755       5.81652403       5.81652403       26.2393284       6.91163397       1.82561874E-02
          47   2.90677381       5.81331968       5.81331968       26.2248745       6.90782690       1.86529160E-02
          48   2.96861982       5.81004715       5.81004715       26.2101116       6.90393829       1.90496445E-02
          49   3.03046608       5.80670643       5.80670643       26.1950417       6.89996862       1.94463730E-02
          50   3.09231234       5.80329752       5.80329752       26.1796646       6.89591837       1.98431015E-02
          51   3.15415859       5.79982042       5.79982042       26.1639805       6.89178705       2.02407837E-02
          52   3.21600485       5.79627562       5.79627562       26.1479874       6.88757420       2.06375122E-02
          53   3.27785110       5.79266262       5.79266262       26.1316872       6.88328075       2.10342407E-02
          54   3.33969736       5.78898144       5.78898144       26.1150799       6.87890625       2.14309692E-02
          55   3.40154362       5.78523207       5.78523207       26.0981655       6.87445068       2.18276978E-02
          56   3.46338987       5.78141451       5.78141451       26.0809422       6.86991405       2.22244263E-02
          57   3.52523613       5.77752876       5.77752876       26.0634117       6.86529636       2.26211548E-02
          58   3.58708239       5.77357483       5.77357483       26.0455742       6.86059809       2.30188370E-02
          59   3.64892864       5.76955271       5.76955271       26.0274296       6.85581827       2.34155655E-02
          60   3.71077490       5.76546240       5.76546240       26.0089779       6.85095835       2.38122940E-02
          61   3.77262115       5.76130390       5.76130390       25.9902172       6.84601641       2.42090225E-02
          62   3.83446741       5.75707722       5.75707722       25.9711494       6.84099388       2.46057510E-02
          63   3.89631367       5.75278234       5.75278234       25.9517746       6.83589029       2.50024796E-02
          64   3.95815992       5.74841928       5.74841928       25.9320927       6.83070612       2.54001617E-02
          65   4.02000618       5.74398804       5.74398804       25.9121017       6.82544041       2.57968903E-02
          66   4.08185244       5.73948860       5.73948860       25.8918037       6.82009363       2.61936188E-02
          67   4.14369869       5.73492098       5.73492098       25.8711987       6.81466627       2.65903473E-02
          68   4.20554495       5.73028517       5.73028517       25.8502865       6.80915785       2.69870758E-02
          69   4.26739120       5.72558117       5.72558117       25.8290653       6.80356789       2.73838043E-02
          70   4.32923746       5.72080898       5.72080898       25.8075371       6.79789734       2.77805328E-02
          71   4.39108372       5.71596861       5.71596861       25.7857018       6.79214573       2.81782150E-02
          72   4.45292997       5.71106005       5.71106005       25.7635593       6.78631306       2.85749435E-02
          73   4.51477623       5.70608330       5.70608330       25.7411079       6.78039932       2.89716721E-02
          74   4.57662249       5.70103836       5.70103836       25.7183495       6.77440453       2.93684006E-02
          75   4.63846874       5.69592524       5.69592524       25.6952839       6.76832867       2.97651291E-02
          76   4.70031500       5.69074392       5.69074392       25.6719112       6.76217222       3.01618576E-02
          77   4.76216125       5.68549442       5.68549442       25.6482296       6.75593424       3.05585861E-02
          78   4.82400751       5.68017673       5.68017673       25.6242409       6.74961567       3.09562683E-02
          79   4.88585377       5.67479086       5.67479086       25.5999451       6.74321604       3.13529968E-02
          80   4.94770002       5.66933680       5.66933680       25.5753422       6.73673534       3.17497253E-02
          81   5.00954628       5.66381454       5.66381454       25.5504303       6.73017311       3.21464539E-02
          82   5.07139254       5.65822411       5.65822411       25.5252113       6.72353029       3.25431824E-02
          83   5.13323879       5.65256548       5.65256548       25.4996853       6.71680689       3.29399109E-02
          84   5.19508505       5.64683867       5.64683867       25.4738522       6.71000195       3.33366394E-02
          85   5.25693130       5.64104366       5.64104366       25.4477100       6.70311594       3.37343216E-02
          86   5.31877756       5.63518047       5.63518047       25.4212608       6.69614887       3.41310501E-02
          87   5.38062382       5.62924957       5.62924957       25.3945045       6.68910122       3.45277786E-02
          88   5.44247007       5.62325048       5.62325048       25.3674412       6.68197250       3.49245071E-02
          89   5.50431633       5.61718321       5.61718321       25.3400707       6.67476320       3.53212357E-02
          90   5.56616259       5.61104774       5.61104774       25.3123913       6.66747189       3.57179642E-02
          91   5.62800884       5.60484409       5.60484409       25.2844048       6.66009998       3.61156464E-02
          92   5.68985510       5.59857225       5.59857225       25.2561111       6.65264750       3.65123749E-02
          93   5.75170135       5.59223223       5.59223223       25.2275105       6.64511395       3.69091034E-02
          94   5.81354761       5.58582401       5.58582401       25.1986008       6.63749886       3.73058319E-02
          95   5.87539387       5.57934761       5.57934761       25.1693840       6.62980270       3.77025604E-02
          96   5.93723965       5.57280302       5.57280302       25.1398602       6.62202597       3.80992889E-02
          97   5.99908590       5.56619024       5.56619024       25.1100292       6.61416817       3.84960175E-02
          98   6.06093216       5.55950928       5.55950928       25.0798893       6.60622931       3.88936996E-02
          99   6.12277842       5.55276012       5.55276012       25.0494423       6.59820938       3.92904282E-02
         100   6.18462467       5.54594278       5.54594278       25.0186882       6.59010839       3.96871567E-02
         101   6.24647093       5.53905725       5.53905725       24.9876270       6.58192682       4.00838852E-02
         102   6.30831718       5.53210354       5.53210354       24.9562569       6.57366371       4.04806137E-02
         103   6.37016344       5.52508163       5.52508163       24.9245796       6.56531954       4.08773422E-02
         104   6.43200970       5.51799154       5.51799154       24.8925953       6.55689478       4.12740707E-02
         105   6.49385595       5.51083326       5.51083326       24.8603039       6.54838896       4.16717529E-02
         106   6.55570221       5.50360680       5.50360680       24.8277035       6.53980160       4.20684814E-02
         107   6.61754847       5.49631214       5.49631214       24.7947960       6.53113365       4.24652100E-02
         108   6.67939472       5.48894930       5.48894930       24.7615814       6.52238464       4.28619385E-02
         109   6.74124098       5.48151827       5.48151827       24.7280598       6.51355457       4.32586670E-02
         110   6.80308723       5.47401905       5.47401905       24.6942291       6.50464344       4.36553955E-02
         111   6.86493349       5.46645164       5.46645164       24.6600914       6.49565125       4.40521240E-02
         112   6.92677975       5.45881605       5.45881605       24.6256466       6.48657846       4.44498062E-02
         113   6.98862600       5.45111227       5.45111227       24.5908947       6.47742462       4.48465347E-02
         114   7.05047226       5.44334030       5.44334030       24.5558338       6.46818924       4.52432632E-02
         115   7.11231852       5.43550014       5.43550014       24.5204659       6.45887280       4.56399918E-02
         116   7.17416477       5.42759180       5.42759180       24.4847908       6.44947577       4.60367203E-02
         117   7.23601103       5.41961527       5.41961527       24.4488087       6.43999815       4.64334488E-02
         118   7.29785728       5.41157055       5.41157055       24.4125195       6.43043900       4.68311310E-02
         119   7.35970354       5.40345764       5.40345764       24.3759212       6.42079878       4.72278595E-02
         120   7.42154980       5.39527655       5.39527655       24.3390160       6.41107750       4.76245880E-02
         121   7.48339605       5.38702774       5.38702774       24.3018036       6.40127563       4.80213165E-02
         122   7.54524231       5.37871075       5.37871075       24.2642841       6.39139271       4.84180450E-02
         123   7.60708857       5.37032557       5.37032557       24.2264557       6.38142872       4.88147736E-02
         124   7.66893482       5.36187220       5.36187220       24.1883202       6.37138319       4.92115021E-02
         125   7.73078108       5.35335064       5.35335064       24.1498775       6.36125708       4.96091843E-02
         126   7.79262733       5.34476089       5.34476089       24.1111279       6.35105038       5.00059128E-02
         127   7.85447359       5.33610296       5.33610296       24.0720692       6.34076214       5.04026413E-02
         128   7.91631985       5.32737684       5.32737684       24.0327034       6.33039284       5.07993698E-02
         129   7.97816610       5.31858253       5.31858253       23.9930305       6.31994247       5.11960983E-02
         130   8.04001236       5.30972004       5.30972004       23.9530506       6.30941153       5.15928268E-02
         131   8.10185814       5.30078936       5.30078936       23.9127617       6.29879904       5.19895554E-02
         132   8.16370487       5.29179049       5.29179049       23.8721657       6.28810596       5.23872375E-02
         133   8.22555065       5.28272343       5.28272343       23.8312626       6.27733183       5.27839661E-02
         134   8.28739738       5.27358818       5.27358818       23.7900524       6.26647663       5.31806946E-02
         135   8.34924316       5.26438475       5.26438475       23.7485332       6.25554037       5.35774231E-02
         136   8.41108990       5.25511312       5.25511312       23.7067070       6.24452305       5.39741516E-02
         137   8.47293568       5.24577332       5.24577332       23.6645737       6.23342466       5.43708801E-02
         138   8.53478241       5.23636532       5.23636532       23.6221333       6.22224569       5.47685623E-02
         139   8.59662819       5.22688913       5.22688913       23.5793839       6.21098518       5.51652908E-02
         140   8.65847492       5.21734476       5.21734476       23.5363274       6.19964361       5.55620193E-02
         141   8.72032070       5.20773220       5.20773220       23.4929638       6.18822145       5.59587479E-02
         142   8.78216743       5.19805145       5.19805145       23.4492931       6.17671824       5.63554764E-02
         143   8.84401321       5.18830252       5.18830252       23.4053135       6.16513348       5.67522049E-02
         144   8.90585995       5.17848539       5.17848539       23.3610268       6.15346813       5.71489334E-02
         145   8.96770573       5.16860008       5.16860008       23.3164330       6.14172173       5.75466156E-02
         146   9.02955246       5.15864658       5.15864658       23.2715321       6.12989473       5.79433441E-02
         147   9.09139824       5.14862490       5.14862490       23.2263222       6.11798573       5.83400726E-02
         148   9.15324497       5.13853502       5.13853502       23.1808052       6.10599661       5.87368011E-02
         149   9.21509075       5.12837696       5.12837696       23.1349812       6.09392595       5.91335297E-02
         150   9.27693748       5.11815071       5.11815071       23.0888500       6.08177471       5.95302582E-02
         151   9.33878326       5.10785627       5.10785627       23.0424118       6.06954241       5.99269867E-02
         152   9.40063000       5.09749365       5.09749365       22.9956646       6.05722904       6.03246689E-02
         153   9.46247578       5.08706284       5.08706284       22.9486103       6.04483461       6.07213974E-02
         154   9.52432251       5.07656384       5.07656384       22.9012489       6.03235912       6.11181259E-02
         155   9.58616829       5.06599712       5.06599712       22.8535805       6.01980305       6.15148544E-02
         156   9.64801502       5.05536222       5.05536222       22.8056030       6.00716543       6.19115829E-02
         157   9.70986080       5.04465914       5.04465914       22.7573185       5.99444675       6.23083115E-02
         158   9.77170753       5.03388786       5.03388786       22.7087269       5.98164749       6.27050400E-02
         159   9.83355331       5.02304840       5.02304840       22.6598282       5.96876717       6.31027222E-02
         160   9.89540005       5.01214075       5.01214075       22.6106205       5.95580530       6.34994507E-02
         161   9.95724583       5.00116491       5.00116491       22.5611057       5.94276285       6.38961792E-02
         162   10.0190926       4.99012089       4.99012089       22.5112839       5.92963934       6.42929077E-02
         163   10.0809383       4.97900867       4.97900867       22.4611549       5.91643524       6.46896362E-02
         164   10.1427851       4.96782827       4.96782827       22.4107170       5.90314960       6.50863647E-02
         165   10.2046309       4.95657969       4.95657969       22.3599720       5.88978291       6.54840469E-02
         166   10.2664776       4.94526291       4.94526291       22.3089199       5.87633514       6.58807755E-02
         167   10.3283234       4.93387794       4.93387794       22.2575607       5.86280680       6.62775040E-02
         168   10.3901701       4.92242479       4.92242479       22.2058926       5.84919739       6.66742325E-02
         169   10.4520159       4.91090345       4.91090345       22.1539173       5.83550644       6.70709610E-02
         170   10.5138626       4.89931393       4.89931393       22.1016350       5.82173491       6.74676895E-02
         171   10.5757084       4.88765621       4.88765621       22.0490456       5.80788231       6.78644180E-02
         172   10.6375551       4.87593031       4.87593031       21.9961472       5.79394865       6.82621002E-02
         173   10.6994009       4.86413622       4.86413622       21.9429417       5.77993393       6.86588287E-02
         174   10.7612476       4.85227394       4.85227394       21.8894291       5.76583815       6.90555573E-02
         175   10.8230934       4.84034348       4.84034348       21.8356094       5.75166178       6.94522858E-02
         176   10.8849401       4.82834482       4.82834482       21.7814808       5.73740387       6.98490143E-02
         177   10.9467859       4.81627798       4.81627798       21.7270451       5.72306538       7.02457428E-02
         178   11.0086327       4.80414295       4.80414295       21.6723022       5.70864534       7.06424713E-02
         179   11.0704784       4.79193974       4.79193974       21.6172523       5.69414520       7.10401535E-02
         180   11.1323252       4.77966833       4.77966833       21.5618954       5.67956352       7.14368820E-02
         181   11.1941710       4.76732874       4.76732874       21.5062294       5.66490078       7.18336105E-02
         182   11.2560177       4.75492096       4.75492096       21.4502563       5.65015697       7.22303391E-02
         183   11.3178635       4.74244499       4.74244499       21.3939762       5.63533258       7.26270676E-02
         184   11.3797102       4.72990084       4.72990084       21.3373890       5.62042665       7.30237961E-02
         185   11.4415560       4.71728849       4.71728849       21.2804928       5.60544014       7.34214783E-02
         186   11.5034027       4.70460796       4.70460796       21.2232895       5.59037209       7.38182068E-02
         187   11.5652485       4.69185925       4.69185925       21.1657791       5.57522345       7.42149353E-02
         188   11.6270952       4.67904234       4.67904234       21.1079617       5.55999422       7.46116638E-02
         189   11.6889410       4.66615725       4.66615725       21.0498352       5.54468298       7.50083923E-02
         190   11.7507877       4.65320444       4.65320444       20.9914017       5.52929115       7.54051208E-02
         191   11.8126335       4.64018345       4.64018345       20.9326611       5.51381874       7.58018494E-02
         192   11.8744793       4.62709427       4.62709427       20.8736134       5.49826479       7.61995316E-02
         193   11.9363260       4.61393690       4.61393690       20.8142567       5.48262978       7.65962601E-02
         194   11.9981718       4.60071135       4.60071135       20.7545929       5.46691418       7.69929886E-02
         195   12.0600185       4.58741760       4.58741760       20.6946220       5.45111752       7.73897171E-02
         196   12.1218643       4.57405567       4.57405567       20.6343441       5.43523979       7.77864456E-02
         197   12.1837111       4.56062555       4.56062555       20.5737572       5.41928053       7.81831741E-02
         198   12.2455568       4.54712725       4.54712725       20.5128632       5.40324068       7.85799026E-02
         199   12.3074036       4.53356075       4.53356075       20.4516621       5.38711977       7.89775848E-02
         200   12.3692493       4.51992607       4.51992607       20.3901539       5.37091827       7.93743134E-02
         201   12.4310961       4.50622320       4.50622320       20.3283367       5.35463524       7.97710419E-02
         202   12.4929419       4.49245214       4.49245214       20.2662125       5.33827114       8.01677704E-02
         203   12.5547886       4.47861290       4.47861290       20.2037811       5.32182598       8.05644989E-02
         204   12.6166344       4.46470547       4.46470547       20.1410427       5.30530024       8.09612274E-02
         205   12.6784811       4.45072985       4.45072985       20.0779953       5.28869343       8.13579559E-02
         206   12.7403269       4.43668604       4.43668604       20.0146408       5.27200508       8.17556381E-02
         207   12.8021736       4.42257404       4.42257404       19.9509792       5.25523615       8.21523666E-02
         208   12.8640194       4.40839386       4.40839386       19.8870106       5.23838663       8.25490952E-02
         209   12.9258661       4.39414549       4.39414549       19.8227348       5.22145557       8.29458237E-02
         210   12.9877119       4.37982893       4.37982893       19.7581501       5.20444345       8.33425522E-02
         211   13.0495586       4.36544418       4.36544418       19.6932583       5.18735075       8.37392807E-02
         212   13.1114044       4.35099125       4.35099125       19.6280594       5.17017698       8.41369629E-02
         213   13.1732512       4.33647013       4.33647013       19.5625534       5.15292215       8.45336914E-02
         214   13.2350969       4.32188082       4.32188082       19.4967384       5.13558578       8.49304199E-02
         215   13.2969437       4.30722332       4.30722332       19.4306164       5.11816883       8.53271484E-02
         216   13.3587894       4.29249763       4.29249763       19.3641872       5.10067081       8.57238770E-02
         217   13.4206362       4.27770376       4.27770376       19.2974510       5.08309221       8.61206055E-02
         218   13.4824820       4.26284170       4.26284170       19.2304058       5.06543207       8.65173340E-02
         219   13.5443287       4.24791145       4.24791145       19.1630535       5.04769087       8.69150162E-02
         220   13.6061745       4.23291302       4.23291302       19.0953941       5.02986860       8.73117447E-02
         221   13.6680212       4.21784639       4.21784639       19.0274277       5.01196575       8.77084732E-02
         222   13.7298670       4.20271158       4.20271158       18.9591522       4.99398184       8.81052017E-02
         223   13.7917137       4.18750858       4.18750858       18.8905697       4.97591639       8.85019302E-02
         224   13.8535595       4.17223787       4.17223787       18.8216801       4.95777035       8.88986588E-02
         225   13.9154062       4.15689898       4.15689898       18.7524834       4.93954372       8.92953873E-02
         226   13.9772520       4.14149189       4.14149189       18.6829777       4.92123508       8.96930695E-02
         227   14.0390987       4.12601662       4.12601662       18.6131649       4.90284586       9.00897980E-02
         228   14.1009445       4.11047316       4.11047316       18.5430450       4.88437605       9.04865265E-02
         229   14.1627913       4.09486151       4.09486151       18.4726181       4.86582470       9.08832550E-02
         230   14.2246370       4.07918167       4.07918167       18.4018822       4.84719276       9.12799835E-02
         231   14.2864838       4.06343365       4.06343365       18.3308392       4.82847929       9.16767120E-02
         232   14.3483295       4.04761744       4.04761744       18.2594891       4.80968523       9.20734406E-02
         233   14.4101763       4.03173304       4.03173304       18.1878319       4.79081011       9.24711227E-02
         234   14.4720221       4.01578045       4.01578045       18.1158657       4.77185392       9.28678513E-02
         235   14.5338688       3.99975967       3.99975967       18.0435925       4.75281620       9.32645798E-02
         236   14.5957146       3.98367071       3.98367071       17.9710121       4.73369837       9.36613083E-02
         237   14.6575613       3.96751356       3.96751356       17.8981247       4.71449900       9.40580368E-02
         238   14.7194071       3.95128822       3.95128822       17.8249302       4.69521904       9.44547653E-02
         239   14.7812538       3.93499470       3.93499470       17.7514267       4.67585754       9.48524475E-02
         240   14.8430996       3.91863298       3.91863298       17.6776161       4.65641546       9.52491760E-02
         241   14.9049463       3.90220308       3.90220308       17.6034985       4.63689232       9.56459045E-02
         242   14.9667921       3.88570499       3.88570499       17.5290737       4.61728811       9.60426331E-02
         243   15.0286388       3.86913872       3.86913872       17.4543400       4.59760284       9.64393616E-02
         244   15.0904846       3.85250425       3.85250425       17.3792992       4.57783651       9.68360901E-02
         245   15.1523314       3.83580160       3.83580160       17.3039513       4.55798960       9.72328186E-02
         246   15.2141771       3.81903076       3.81903076       17.2282963       4.53806114       9.76305008E-02
         247   15.2760239       3.80219173       3.80219173       17.1523323       4.51805162       9.80272293E-02
         248   15.3378696       3.78528452       3.78528452       17.0760612       4.49796152       9.84239578E-02
         249   15.3997164       3.76830912       3.76830912       16.9994831       4.47779036       9.88206863E-02
         250   15.4615622       3.75126576       3.75126576       16.9225979       4.45753813       9.92174149E-02
         251   15.5234089       3.73415422       3.73415422       16.8454037       4.43720436       9.96141434E-02
         252   15.5852547       3.71697450       3.71697450       16.7679024       4.41679001      0.100010872    
         253   15.6471014       3.69972658       3.69972658       16.6900940       4.39629459      0.100408554    
         254   15.7089472       3.68241048       3.68241048       16.6119785       4.37571859      0.100805283    
         255   15.7707939       3.66502619       3.66502619       16.5335541       4.35506105      0.101202011    
         256   15.8326397       3.64757371       3.64757371       16.4548225       4.33432245      0.101598740    
         257   15.8944855       3.63005304       3.63005304       16.3757839       4.31350327      0.101995468    
         258   15.9563322       3.61246419       3.61246419       16.2964382       4.29260302      0.102392197    
         259   16.0181789       3.59480715       3.59480715       16.2167835       4.27162123      0.102788925    
         260   16.0800247       3.57708192       3.57708192       16.1368217       4.25055885      0.103186607    
         261   16.1418705       3.55928850       3.55928850       16.0565529       4.22941542      0.103583336    
         262   16.2037163       3.54142690       3.54142690       15.9759760       4.20819092      0.103980064    
         263   16.2655640       3.52349710       3.52349710       15.8950920       4.18688536      0.104376793    
         264   16.3274097       3.50549912       3.50549912       15.8139000       4.16549873      0.104773521    
         265   16.3892555       3.48743296       3.48743296       15.7324009       4.14403152      0.105170250    
         266   16.4511013       3.46929860       3.46929860       15.6505947       4.12248278      0.105567932    
         267   16.5129490       3.45109630       3.45109630       15.5684805       4.10085344      0.105964661    
         268   16.5747948       3.43282580       3.43282580       15.4860592       4.07914305      0.106361389    
         269   16.6366405       3.41448712       3.41448712       15.4033298       4.05735159      0.106758118    
         270   16.6984863       3.39608026       3.39608026       15.3202934       4.03547907      0.107154846    
         271   16.7603340       3.37760520       3.37760520       15.2369490       4.01352549      0.107551575    
         272   16.8221798       3.35906196       3.35906196       15.1532974       3.99149108      0.107948303    
         273   16.8840256       3.34045053       3.34045053       15.0693378       3.96937561      0.108345985    
         274   16.9458714       3.32177091       3.32177091       14.9850712       3.94717908      0.108742714    
         275   17.0077190       3.30302310       3.30302310       14.9004965       3.92490149      0.109139442    
         276   17.0695648       3.28420711       3.28420711       14.8156147       3.90254307      0.109536171    
         277   17.1314106       3.26532292       3.26532292       14.7304249       3.88010335      0.109932899    
         278   17.1932564       3.24637055       3.24637055       14.6449280       3.85758281      0.110329628    
         279   17.2551041       3.22735000       3.22735000       14.5591230       3.83498120      0.110726357    
         280   17.3169498       3.20826125       3.20826125       14.4730110       3.81229877      0.111124039    
         281   17.3787956       3.18910432       3.18910432       14.3865910       3.78953505      0.111520767    
         282   17.4406414       3.16987920       3.16987920       14.2998638       3.76669049      0.111917496    
         283   17.5024891       3.15058589       3.15058589       14.2128286       3.74376464      0.112314224    
         284   17.5643349       3.13122463       3.13122463       14.1254864       3.72075820      0.112710953    
         285   17.6261806       3.11179519       3.11179519       14.0378361       3.69767046      0.113107681    
         286   17.6880264       3.09229755       3.09229755       13.9498787       3.67450166      0.113505363    
         287   17.7498741       3.07273173       3.07273173       13.8616133       3.65125203      0.113902092    
         288   17.8117199       3.05309772       3.05309772       13.7730408       3.62792134      0.114298820    
         289   17.8735657       3.03339553       3.03339553       13.6841602       3.60450959      0.114695549    
         290   17.9354115       3.01362514       3.01362514       13.5949726       3.58101678      0.115092278    
         291   17.9972591       2.99378657       2.99378657       13.5054770       3.55744314      0.115489006    
         292   18.0591049       2.97387981       2.97387981       13.4156742       3.53378820      0.115885735    
         293   18.1209507       2.95390487       2.95390487       13.3255634       3.51005244      0.116283417    
         294   18.1827965       2.93386173       2.93386173       13.2351456       3.48623562      0.116680145    
         295   18.2446442       2.91375041       2.91375041       13.1444206       3.46233821      0.117076874    
         296   18.3064899       2.89357090       2.89357090       13.0533876       3.43835926      0.117473602    
         297   18.3683357       2.87332320       2.87332320       12.9620476       3.41429973      0.117870331    
         298   18.4301815       2.85300732       2.85300732       12.8703995       3.39015889      0.118267059    
         299   18.4920292       2.83262324       2.83262324       12.7784443       3.36593723      0.118663788    
         300   18.5538750       2.81217098       2.81217098       12.6861811       3.34163451      0.119061470    
         301   18.6157207       2.79165077       2.79165077       12.5936108       3.31725073      0.119458199    
         302   18.6775665       2.77106237       2.77106237       12.5007324       3.29278588      0.119854927    
         303   18.7394142       2.75040579       2.75040579       12.4075470       3.26824021      0.120251656    
         304   18.8012600       2.72968102       2.72968102       12.3140535       3.24361324      0.120648384    
         305   18.8631058       2.70888805       2.70888805       12.2202530       3.21890545      0.121045113    
         306   18.9249516       2.68802691       2.68802691       12.1261444       3.19411659      0.121441841    
         307   18.9867992       2.66709757       2.66709757       12.0317287       3.16924667      0.121839523    
         308   19.0486450       2.64610004       2.64610004       11.9370050       3.14429593      0.122236252    
         309   19.1104908       2.62503433       2.62503433       11.8419743       3.11926413      0.122632980    
         310   19.1723366       2.60390043       2.60390043       11.7466354       3.09415102      0.123029709    
         311   19.2341843       2.58269835       2.58269835       11.6509895       3.06895733      0.123426437    
         312   19.2960300       2.56142807       2.56142807       11.5550356       3.04368234      0.123823166    
         313   19.3578758       2.54008961       2.54008961       11.4587746       3.01832652      0.124220848    
         314   19.4197216       2.51868296       2.51868296       11.3622055       2.99288940      0.124617577    
         315   19.4815693       2.49720812       2.49720812       11.2653294       2.96737146      0.125014305    
         316   19.5434151       2.47566509       2.47566509       11.1681452       2.94177246      0.125411034    
         317   19.6052608       2.45405388       2.45405388       11.0706539       2.91609263      0.125807762    
         318   19.6671066       2.43237448       2.43237448       10.9728546       2.89033151      0.126204491    
         319   19.7289543       2.41062713       2.41062713       10.8747482       2.86448956      0.126601219    
         320   19.7908001       2.38881159       2.38881159       10.7763338       2.83856654      0.126998901    
         321   19.8526459       2.36692786       2.36692786       10.6776123       2.81256247      0.127395630    
         322   19.9144917       2.34497595       2.34497595       10.5785828       2.78647733      0.127792358    
         323   19.9763374       2.32295585       2.32295585       10.4792461       2.76031137      0.128189087    
         324   20.0381851       2.30086756       2.30086756       10.3796024       2.73406434      0.128585815    
         325   20.1000309       2.27871108       2.27871108       10.2796507       2.70773649      0.128982544    
         326   20.1618767       2.25648642       2.25648642       10.1793919       2.68132758      0.129379272    
         327   20.2237225       2.23419356       2.23419356       10.0788250       2.65483737      0.129776955    
         328   20.2855701       2.21183252       2.21183252       9.97795105       2.62826657      0.130173683    
         329   20.3474159       2.18940330       2.18940330       9.87676907       2.60161448      0.130570412    
         330   20.4092617       2.16690588       2.16690588       9.77528000       2.57488132      0.130967140    
         331   20.4711075       2.14434028       2.14434028       9.67348289       2.54806733      0.131363869    
         332   20.5329552       2.12170649       2.12170649       9.57137871       2.52117229      0.131760597    
         333   20.5948009       2.09900451       2.09900451       9.46896648       2.49419618      0.132158279    
         334   20.6566467       2.07623434       2.07623434       9.36624718       2.46713924      0.132555008    
         335   20.7184925       2.05339599       2.05339599       9.26321983       2.44000101      0.132951736    
         336   20.7803402       2.03048968       2.03048968       9.15988541       2.41278195      0.133348465    
         337   20.8421860       2.00751519       2.00751519       9.05624294       2.38548160      0.133745193    
         338   20.9040318       1.98447239       1.98447239       8.95229340       2.35810065      0.134141922    
         339   20.9658775       1.96136141       1.96136141       8.84803581       2.33063841      0.134538651    
         340   21.0277252       1.93818235       1.93818235       8.74347115       2.30309534      0.134936333    
         341   21.0895710       1.91493511       1.91493511       8.63859844       2.27547097      0.135333061    
         342   21.1514168       1.89161968       1.89161968       8.53341866       2.24776602      0.135729790    
         343   21.2132626       1.86823606       1.86823606       8.42793083       2.21997952      0.136126518    
         344   21.2751102       1.84478426       1.84478426       8.32213593       2.19211245      0.136523247    
         345   21.3369560       1.82126427       1.82126427       8.21603298       2.16416407      0.136919975    
         346   21.3988018       1.79767609       1.79767609       8.10962296       2.13613486      0.137316704    
         347   21.4606476       1.77401972       1.77401972       8.00290489       2.10802460      0.137714386    
         348   21.5224953       1.75029516       1.75029516       7.89587975       2.07983351      0.138111115    
         349   21.5843410       1.72650254       1.72650254       7.78854704       2.05156112      0.138507843    
         350   21.6461868       1.70264173       1.70264173       7.68090677       2.02320790      0.138904572    
         351   21.7080326       1.67871273       1.67871273       7.57295895       1.99477363      0.139301300    
         352   21.7698803       1.65471554       1.65471554       7.46470356       1.96625841      0.139698029    
         353   21.8317261       1.63065016       1.63065016       7.35614061       1.93766212      0.140094757    
         354   21.8935719       1.60651660       1.60651660       7.24727011       1.90898478      0.140492439    
         355   21.9554176       1.58231485       1.58231485       7.13809204       1.88022649      0.140889168    
         356   22.0172653       1.55804491       1.55804491       7.02860641       1.85138714      0.141285896    
         357   22.0791111       1.53370690       1.53370690       6.91881323       1.82246685      0.141682625    
         358   22.1409569       1.50930071       1.50930071       6.80871248       1.79346550      0.142079353    
         359   22.2028027       1.48482633       1.48482633       6.69830418       1.76438308      0.142476082    
         360   22.2646503       1.46028376       1.46028376       6.58758831       1.73521972      0.142873764    
         361   22.3264961       1.43567300       1.43567300       6.47656488       1.70597529      0.143270493    
         362   22.3883419       1.41099405       1.41099405       6.36523390       1.67664993      0.143667221    
         363   22.4501877       1.38624692       1.38624692       6.25359535       1.64724350      0.144063950    
         364   22.5120354       1.36143160       1.36143160       6.14164925       1.61775601      0.144460678    
         365   22.5738811       1.33654809       1.33654809       6.02939558       1.58818758      0.144857407    
         366   22.6357269       1.31159651       1.31159651       5.91683435       1.55853820      0.145254135    
         367   22.6975727       1.28657675       1.28657675       5.80396557       1.52880764      0.145651817    
         368   22.7594204       1.26148880       1.26148880       5.69078922       1.49899614      0.146048546    
         369   22.8212662       1.23633265       1.23633265       5.57730579       1.46910381      0.146445274    
         370   22.8831120       1.21110833       1.21110833       5.46351480       1.43913043      0.146842003    
         371   22.9449577       1.18581581       1.18581581       5.34941626       1.40907598      0.147238731    
         372   23.0068054       1.16045511       1.16045511       5.23501015       1.37894058      0.147635460    
         373   23.0686512       1.13502622       1.13502622       5.12029648       1.34872413      0.148032188    
         374   23.1304970       1.10952914       1.10952914       5.00527525       1.31842673      0.148429871    
         375   23.1923428       1.08396399       1.08396399       4.88994646       1.28804827      0.148826599    
         376   23.2541904       1.05833066       1.05833066       4.77431011       1.25758874      0.149223328    
         377   23.3160362       1.03262913       1.03262913       4.65836620       1.22704828      0.149620056    
         378   23.3778820       1.00685942       1.00685942       4.54211473       1.19642675      0.150016785    
         379   23.4397278      0.981021523      0.981021523       4.42555571       1.16572428      0.150413513    
         380   23.5015755      0.955115438      0.955115438       4.30868912       1.13494074      0.150810242    
         381   23.5634212      0.929141223      0.929141223       4.19151497       1.10407615      0.151207924    
         382   23.6252670      0.903098822      0.903098822       4.07403326       1.07313061      0.151604652    
         383   23.6871128      0.876988232      0.876988232       3.95624399       1.04210413      0.152001381    
         384   23.7489586      0.850809455      0.850809455       3.83814716       1.01099646      0.152398109    
         385   23.8108063      0.824562550      0.824562550       3.71974277      0.979807913      0.152794838    
         386   23.8726521      0.798247457      0.798247457       3.60103083      0.948538303      0.153191566    
         387   23.9344978      0.771864176      0.771864176       3.48201132      0.917187691      0.153589249    
         388   23.9963436      0.745412707      0.745412707       3.36268425      0.885756016      0.153985977    
         389   24.0581913      0.718893051      0.718893051       3.24304962      0.854243398      0.154382706    
         390   24.1200371      0.692305267      0.692305267       3.12310743      0.822649717      0.154779434    
         391   24.1818829      0.665649295      0.665649295       3.00285792      0.790975094      0.155176163    
         392   24.2437286      0.638925135      0.638925135       2.88230085      0.759219468      0.155572891    
         393   24.3055763      0.612132788      0.612132788       2.76143622      0.727382839      0.155969620    
         394   24.3674221      0.585272312      0.585272312       2.64026403      0.695465147      0.156367302    
         395   24.4292679      0.558343649      0.558343649       2.51878428      0.663466513      0.156764030    
         396   24.4911137      0.531346798      0.531346798       2.39699697      0.631386817      0.157160759    
         397   24.5529613      0.504281759      0.504281759       2.27490211      0.599226117      0.157557487    
         398   24.6148071      0.477148563      0.477148563       2.15249968      0.566984415      0.157954216    
         399   24.6766529      0.449947208      0.449947208       2.02978969      0.534661710      0.158350945    
         400   24.7384987      0.422677666      0.422677666       1.90677214      0.502257943      0.158747673    
         401   24.8003464      0.395339936      0.395339936       1.78344703      0.469773203      0.159145355    
         402   24.8621922      0.367934048      0.367934048       1.65981448      0.437207460      0.159542084    
         403   24.9240379      0.340459973      0.340459973       1.53587437      0.404560715      0.159938812    
         404   24.9858837      0.312917739      0.312917739       1.41162670      0.371832967      0.160335541    
         405   25.0477314      0.285307318      0.285307318       1.28707147      0.339024186      0.160732269    
         406   25.1095772      0.257628739      0.257628739       1.16220868      0.306134403      0.161128998    
         407   25.1714230      0.229881972      0.229881972       1.03703833      0.273163617      0.161525726    
         408   25.2332687      0.202067047      0.202067047      0.911560476      0.240111813      0.161923409    
         409   25.2951164      0.174183935      0.174183935      0.785775065      0.206978992      0.162320137    
         410   25.3569622      0.146232650      0.146232650      0.659682155      0.173765182      0.162716866    
         411   25.4188080      0.118213192      0.118213192      0.533281684      0.140470356      0.163113594    
         412   25.4806538       9.01255608E-02   9.01255608E-02  0.406573653      0.107094526      0.163510323    
         413   25.5425014       6.19697571E-02   6.19697571E-02  0.279558063       7.36376718E-02  0.163907051    
         414   25.6043472       3.37457806E-02   3.37457806E-02  0.152234942       4.00998145E-02  0.164304733    
         415   25.6661930       5.45363128E-03   5.45363128E-03   2.46042758E-02   6.48094900E-03  0.164701462    
         416   25.7280388       0.00000000      -2.29066908E-02 -0.103333920      -2.72189230E-02  0.165098190    
         417   25.7898865       0.00000000      -5.13351895E-02 -0.231579676      -6.09998070E-02  0.165494919    
         418   25.8517323       0.00000000      -7.98318610E-02 -0.360132992      -9.48617086E-02  0.165891647    
         419   25.9135780       0.00000000     -0.108396709     -0.488993824     -0.128804609      0.166288376    
         420   25.9754238       0.00000000     -0.137029722     -0.618162215     -0.162828520      0.166685104    
         421   26.0372715       0.00000000     -0.165730923     -0.747638106     -0.196933433      0.167082787    
         422   26.0991173       0.00000000     -0.194500297     -0.877421558     -0.231119365      0.167479515    
         423   26.1609631       0.00000000     -0.223337844      -1.00751257     -0.265386313      0.167876244    
         424   26.2228088       0.00000000     -0.252243549      -1.13791108     -0.299734235      0.168272972    
         425   26.2846565       0.00000000     -0.281217426      -1.26861715     -0.334163189      0.168669701    
         426   26.3465023       0.00000000     -0.310259491      -1.39963078     -0.368673146      0.169066429    
         427   26.4083481       0.00000000     -0.339369714      -1.53095198     -0.403264135      0.169463158    
         428   26.4701939       0.00000000     -0.368548125      -1.66258073     -0.437936127      0.169860840    
         429   26.5320415       0.00000000     -0.397794724      -1.79451704     -0.472689122      0.170257568    
         430   26.5938873       0.00000000     -0.427109480      -1.92676091     -0.507523119      0.170654297    
         431   26.6557331       0.00000000     -0.456492424      -2.05931234     -0.542438209      0.171051025    
         432   26.7175789       0.00000000     -0.485943526      -2.19217134     -0.577434242      0.171447754    
         433   26.7794266       0.00000000     -0.515462816      -2.32533789     -0.612511277      0.171844482    
         434   26.8412724       0.00000000     -0.545050263      -2.45881176     -0.647669315      0.172242165    
         435   26.9031181       0.00000000     -0.574705899      -2.59259319     -0.682908297      0.172638893    
         436   26.9649639       0.00000000     -0.604429722      -2.72668219     -0.718228340      0.173035622    
         437   27.0268116       0.00000000     -0.634221673      -2.86107874     -0.753629386      0.173432350    
         438   27.0886574       0.00000000     -0.664081812      -2.99578285     -0.789111495      0.173829079    
         439   27.1505032       0.00000000     -0.694010139      -3.13079453     -0.824674547      0.174225807    
         440   27.2123489       0.00000000     -0.724006653      -3.26611376     -0.860318661      0.174622536    
         441   27.2741966       0.00000000     -0.754071295      -3.40174055     -0.896043777      0.175020218    
         442   27.3360424       0.00000000     -0.784204125      -3.53767490     -0.931849897      0.175416946    
         443   27.3978882       0.00000000     -0.814405143      -3.67391682     -0.967737019      0.175813675    
         444   27.4597340       0.00000000     -0.844674349      -3.81046629      -1.00370514      0.176210403    
         445   27.5215816       0.00000000     -0.875011742      -3.94732332      -1.03975427      0.176607132    
         446   27.5834274       0.00000000     -0.905417264      -4.08448792      -1.07588446      0.177003860    
         447   27.6452732       0.00000000     -0.935890973      -4.22196007      -1.11209571      0.177400589    
         448   27.7071190       0.00000000     -0.966432869      -4.35973978      -1.14838791      0.177798271    
         449   27.7689648       0.00000000     -0.997042954      -4.49782705      -1.18476105      0.178195000    
         450   27.8308125       0.00000000      -1.02772117      -4.63622189      -1.22121537      0.178591728    
         451   27.8926582       0.00000000      -1.05846763      -4.77492428      -1.25775051      0.178988457    
         452   27.9545040       0.00000000      -1.08928216      -4.91393423      -1.29436684      0.179385185    
         453   28.0163498       0.00000000      -1.12016487      -5.05325174      -1.33106411      0.179781914    
         454   28.0781975       0.00000000      -1.15111578      -5.19287682      -1.36784232      0.180178642    
         455   28.1400433       0.00000000      -1.18213487      -5.33280945      -1.40470171      0.180576324    
         456   28.2018890       0.00000000      -1.21322215      -5.47304916      -1.44164181      0.180973053    
         457   28.2637348       0.00000000      -1.24437761      -5.61359644      -1.47866309      0.181369781    
         458   28.3255825       0.00000000      -1.27560127      -5.75445127      -1.51576519      0.181766510    
         459   28.3874283       0.00000000      -1.30689311      -5.89561367      -1.55294847      0.182163239    
         460   28.4492741       0.00000000      -1.33825314      -6.03708363      -1.59021270      0.182559967    
         461   28.5111198       0.00000000      -1.36968124      -6.17886114      -1.62755799      0.182957649    
         462   28.5729675       0.00000000      -1.40117753      -6.32094622      -1.66498423      0.183354378    
         463   28.6348133       0.00000000      -1.43274200      -6.46333885      -1.70249152      0.183751106    
         464   28.6966591       0.00000000      -1.46437466      -6.60603905      -1.74007976      0.184147835    
         465   28.7585049       0.00000000      -1.49607551      -6.74904680      -1.77774906      0.184544563    
         466   28.8203526       0.00000000      -1.52784455      -6.89236212      -1.81549942      0.184941292    
         467   28.8821983       0.00000000      -1.55968177      -7.03598499      -1.85333073      0.185338020    
         468   28.9440441       0.00000000      -1.59158719      -7.17991543      -1.89124310      0.185735703    
         469   29.0058899       0.00000000      -1.62356067      -7.32415342      -1.92923641      0.186132431    
         470   29.0677376       0.00000000      -1.65560234      -7.46869898      -1.96731079      0.186529160    
         471   29.1295834       0.00000000      -1.68771219      -7.61355209      -2.00546622      0.186925888    
         472   29.1914291       0.00000000      -1.71989024      -7.75871277      -2.04370260      0.187322617    
         473   29.2532749       0.00000000      -1.75213647      -7.90418100      -2.08202004      0.187719345    
         474   29.3151226       0.00000000      -1.78445089      -8.04995632      -2.12041831      0.188116074    
         475   29.3769684       0.00000000      -1.81683350      -8.19603920      -2.15889764      0.188513756    
         476   29.4388142       0.00000000      -1.84928429      -8.34243011      -2.19745803      0.188910484    
         477   29.5006599       0.00000000      -1.88180327      -8.48912811      -2.23609948      0.189307213    
         478   29.5625076       0.00000000      -1.91439033      -8.63613415      -2.27482200      0.189703941    
         479   29.6243534       0.00000000      -1.94704556      -8.78344727      -2.31362534      0.190100670    
         480   29.6861992       0.00000000      -1.97976899      -8.93106842      -2.35250974      0.190497398    
         481   29.7480450       0.00000000      -2.01256061      -9.07899666      -2.39147520      0.190895081    
         482   29.8098927       0.00000000      -2.04542041      -9.22723293      -2.43052173      0.191291809    
         483   29.8717384       0.00000000      -2.07834840      -9.37577629      -2.46964908      0.191688538    
         484   29.9335842       0.00000000      -2.11134458      -9.52462769      -2.50885773      0.192085266    
         485   29.9954300       0.00000000      -2.14440894      -9.67378616      -2.54814720      0.192481995    
         486   30.0572777       0.00000000      -2.17754149      -9.82325268      -2.58751774      0.192878723    
         487   30.1191235       0.00000000      -2.21074224      -9.97302628      -2.62696934      0.193275452    
         488   30.1809692       0.00000000      -2.24401116      -10.1231079      -2.66650176      0.193673134    
         489   30.2428150       0.00000000      -2.27734828      -10.2734966      -2.70611548      0.194069862    
         490   30.3046627       0.00000000      -2.31075358      -10.4241934      -2.74581003      0.194466591    
         491   30.3665085       0.00000000      -2.34422684      -10.5751972      -2.78558564      0.194863319    
         492   30.4283543       0.00000000      -2.37776828      -10.7265091      -2.82544231      0.195260048    
         493   30.4902000       0.00000000      -2.41137791      -10.8781281      -2.86537981      0.195656776    
         494   30.5520477       0.00000000      -2.44505572      -11.0300550      -2.90539861      0.196053505    
         495   30.6138935       0.00000000      -2.47880173      -11.1822891      -2.94549799      0.196451187    
         496   30.6757393       0.00000000      -2.51261592      -11.3348312      -2.98567891      0.196847916    
         497   30.7375851       0.00000000      -2.54649830      -11.4876804      -3.02594042      0.197244644    
         498   30.7994328       0.00000000      -2.58044887      -11.6408377      -3.06628323      0.197641373    
         499   30.8612785       0.00000000      -2.61446762      -11.7943020      -3.10670686      0.198038101    
         500   30.9231243       0.00000000      -2.64855456      -11.9480743      -3.14721155      0.198434830    
         501   30.9849701       0.00000000      -2.68270969      -12.1021538      -3.18779731      0.198831558    
         502   31.0468178       0.00000000      -2.71693301      -12.2565403      -3.22846389      0.199229240    
         503   31.1086636       0.00000000      -2.75122452      -12.4112349      -3.26921153      0.199625969    
         504   31.1705093       0.00000000      -2.78558421      -12.5662365      -3.31004000      0.200022697    
         505   31.2323551       0.00000000      -2.82001209      -12.7215462      -3.35094976      0.200419426    
         506   31.2942028       0.00000000      -2.85450816      -12.8771629      -3.39194036      0.200816154    
         507   31.3560486       0.00000000      -2.88907242      -13.0330877      -3.43301225      0.201212883    
         508   31.4178944       0.00000000      -2.92370462      -13.1893196      -3.47416472      0.201610565    
         509   31.4797401       0.00000000      -2.95840502      -13.3458595      -3.51539850      0.202007294    
         510   31.5415878       0.00000000      -2.99317360      -13.5027065      -3.55671334      0.202404022    
         511   31.6034336       0.00000000      -3.02801037      -13.6598616      -3.59810901      0.202800751    
         512   31.6652794       0.00000000      -3.06291533      -13.8173237      -3.63958573      0.203197479    
         513   31.7271252       0.00000000      -3.09788847      -13.9750938      -3.68114352      0.203594208    
         514   31.7889709       0.00000000      -3.13292980      -14.1331711      -3.72278237      0.203990936    
         515   31.8508186       0.00000000      -3.16803932      -14.2915564      -3.76450229      0.204388618    
         516   31.9126644       0.00000000      -3.20321703      -14.4502487      -3.80630302      0.204785347    
         517   31.9745102       0.00000000      -3.23846292      -14.6092491      -3.84818482      0.205182076    
         518   32.0363579       0.00000000      -3.27377701      -14.7685566      -3.89014769      0.205578804    
         519   32.0982018       0.00000000      -3.30915928      -14.9281721      -3.93219161      0.205975533    
         520   32.1600494       0.00000000      -3.34460974      -15.0880947      -3.97431636      0.206372261    
         521   32.2218971       0.00000000      -3.38012838      -15.2483253      -4.01652241      0.206768990    
         522   32.2837410       0.00000000      -3.41571522      -15.4088631      -4.05880928      0.207166672    
         523   32.3455887       0.00000000      -3.45137024      -15.5697088      -4.10117722      0.207563400    
         524   32.4074326       0.00000000      -3.48709345      -15.7308617      -4.14362574      0.207960129    
         525   32.4692802       0.00000000      -3.52288461      -15.8923225      -4.18615580      0.208356857    
         526   32.5311279       0.00000000      -3.55874395      -16.0540905      -4.22876692      0.208753586    
         527   32.5929718       0.00000000      -3.59467149      -16.2161655      -4.27145863      0.209150314    
         528   32.6548195       0.00000000      -3.63066721      -16.3785496      -4.31423187      0.209547043    
         529   32.7166672       0.00000000      -3.66673112      -16.5412407      -4.35708570      0.209944725    
         530   32.7785110       0.00000000      -3.70286322      -16.7042389      -4.40002060      0.210341454    
         531   32.8403587       0.00000000      -3.73906350      -16.8675442      -4.44303656      0.210738182    
         532   32.9022026       0.00000000      -3.77533197      -17.0311565      -4.48613310      0.211134911    
         533   32.9640503       0.00000000      -3.81166863      -17.1950779      -4.52931118      0.211531639    
         534   33.0258980       0.00000000      -3.84807348      -17.3593063      -4.57257032      0.211928368    
         535   33.0877419       0.00000000      -3.88454652      -17.5238419      -4.61591005      0.212326050    
         536   33.1495895       0.00000000      -3.92108774      -17.6886845      -4.65933084      0.212722778    
         537   33.2114372       0.00000000      -3.95769715      -17.8538361      -4.70283318      0.213119507    
         538   33.2732811       0.00000000      -3.99437475      -18.0192947      -4.74641609      0.213516235    
         539   33.3351288       0.00000000      -4.03112030      -18.1850605      -4.79008007      0.213912964    
         540   33.3969727       0.00000000      -4.06793404      -18.3511333      -4.83382511      0.214309692    
         541   33.4588203       0.00000000      -4.10481596      -18.5175152      -4.87765121      0.214706421    
         542   33.5206680       0.00000000      -4.14176607      -18.6842041      -4.92155838      0.215104103    
         543   33.5825119       0.00000000      -4.17878437      -18.8512001      -4.96554613      0.215500832    
         544   33.6443596       0.00000000      -4.21587086      -19.0185032      -5.00961494      0.215897560    
         545   33.7062073       0.00000000      -4.25302553      -19.1861153      -5.05376530      0.216294289    
         546   33.7680511       0.00000000      -4.29024839      -19.3540344      -5.09799671      0.216691017    
         547   33.8298988       0.00000000      -4.32753944      -19.5222607      -5.14230871      0.217087746    
         548   33.8917427       0.00000000      -4.36489868      -19.6907940      -5.18670130      0.217484474    
         549   33.9535904       0.00000000      -4.40232611      -19.8596363      -5.23117590      0.217882156    
         550   34.0154381       0.00000000      -4.43982172      -20.0287857      -5.27573109      0.218278885    
         551   34.0772820       0.00000000      -4.47738552      -20.1982422      -5.32036734      0.218675613    
         552   34.1391296       0.00000000      -4.51501751      -20.3680058      -5.36508417      0.219072342    
         553   34.2009773       0.00000000      -4.55271769      -20.5380783      -5.40988255      0.219469070    
         554   34.2628212       0.00000000      -4.59048605      -20.7084579      -5.45476198      0.219865799    
         555   34.3246689       0.00000000      -4.62832260      -20.8791447      -5.49972200      0.220262527    
         556   34.3865128       0.00000000      -4.66622734      -21.0501385      -5.54476309      0.220660210    
         557   34.4483604       0.00000000      -4.70420027      -21.2214413      -5.58988523      0.221056938    
         558   34.5102081       0.00000000      -4.74224138      -21.3930511      -5.63508892      0.221453667    
         559   34.5720520       0.00000000      -4.78035069      -21.5649681      -5.68037271      0.221850395    
         560   34.6338997       0.00000000      -4.81852818      -21.7371922      -5.72573805      0.222247124    
         561   34.6957474       0.00000000      -4.85677385      -21.9097233      -5.77118397      0.222643852    
         562   34.7575912       0.00000000      -4.89508772      -22.0825634      -5.81671143      0.223041534    
         563   34.8194389       0.00000000      -4.93346977      -22.2557106      -5.86231947      0.223438263    
         564   34.8812828       0.00000000      -4.97192001      -22.4291649      -5.90800858      0.223834991    
         565   34.9431305       0.00000000      -5.01043844      -22.6029263      -5.95377874      0.224231720    
         566   35.0049782       0.00000000      -5.04902506      -22.7769966      -5.99963045      0.224628448    
         567   35.0668221       0.00000000      -5.08767986      -22.9513741      -6.04556274      0.225025177    
         568   35.1286697       0.00000000      -5.12640238      -23.1260586      -6.09157562      0.225421906    
         569   35.1905174       0.00000000      -5.16519308      -23.3010502      -6.13767004      0.225819588    
         570   35.2523613       0.00000000      -5.20405197      -23.4763508      -6.18384552      0.226216316    
         571   35.3142090       0.00000000      -5.24297905      -23.6519585      -6.23010159      0.226613045    
         572   35.3760529       0.00000000      -5.28197432      -23.8278732      -6.27643871      0.227009773    
         573   35.4379005       0.00000000      -5.32103777      -24.0040951      -6.32285690      0.227406502    
         574   35.4997482       0.00000000      -5.36016941      -24.1806259      -6.36935663      0.227803230    
         575   35.5615921       0.00000000      -5.39936924      -24.3574638      -6.41593695      0.228199959    
         576   35.6234398       0.00000000      -5.43863726      -24.5346088      -6.46259832      0.228597641    
         577   35.6852837       0.00000000      -5.47797346      -24.7120609      -6.50934076      0.228994370    
         578   35.7471313       0.00000000      -5.51737785      -24.8898220      -6.55616426      0.229391098    
         579   35.8089790       0.00000000      -5.55685043      -25.0678902      -6.60306883      0.229787827    
         580   35.8708229       0.00000000      -5.59639120      -25.2462654      -6.65005398      0.230184555    
         581   35.9326706       0.00000000      -5.63600016      -25.4249477      -6.69712019      0.230581284    
         582   35.9945183       0.00000000      -5.67567730      -25.6039391      -6.74426794      0.230978966    
         583   36.0563622       0.00000000      -5.71542263      -25.7832375      -6.79149628      0.231375694    
         584   36.1182098       0.00000000      -5.75523615      -25.9628429      -6.83880568      0.231772423    
         585   36.1800537       0.00000000      -5.79511786      -26.1427555      -6.88619614      0.232169151    
         586   36.2419014       0.00000000      -5.83506775      -26.3229771      -6.93366766      0.232565880    
         587   36.3037491       0.00000000      -5.87508583      -26.5035057      -6.98122025      0.232962608    
         588   36.3655930       0.00000000      -5.91517210      -26.6843414      -7.02885389      0.233359337    
         589   36.4274406       0.00000000      -5.95532656      -26.8654842      -7.07656813      0.233757019    
         590   36.4892883       0.00000000      -5.99554920      -27.0469341      -7.12436342      0.234153748    
         591   36.5511322       0.00000000      -6.03584003      -27.2286930      -7.17224026      0.234550476    
         592   36.6129799       0.00000000      -6.07619905      -27.4107590      -7.22019768      0.234947205    
         593   36.6748238       0.00000000      -6.11662626      -27.5931320      -7.26823616      0.235343933    
         594   36.7366714       0.00000000      -6.15712166      -27.7758121      -7.31635523      0.235740662    
         595   36.7985191       0.00000000      -6.19768524      -27.9588013      -7.36455631      0.236137390    
         596   36.8603630       0.00000000      -6.23831701      -28.1420975      -7.41283751      0.236535072    
         597   36.9222107       0.00000000      -6.27901697      -28.3257008      -7.46120024      0.236931801    
         598   36.9840584       0.00000000      -6.31978512      -28.5096111      -7.50964355      0.237328529    
