 TIMEML1ML2ML3
           1   5295465.50       1930587.38       187777.828       150000.000       10000.0000    
           2   5295404.50       1930565.00       187775.656       150000.000       10000.0000    
           3   5295343.00       1930542.75       187773.484       150000.000       10000.0000    
           4   5295282.00       1930520.38       187771.312       150000.000       10000.0000    
           5   5295220.50       1930498.00       187769.141       150000.000       10000.0000    
           6   5295159.50       1930475.62       187766.953       150000.000       10000.0000    
           7   5295098.00       1930453.38       187764.781       150000.000       10000.0000    
           8   5295036.50       1930431.00       187762.609       150000.000       10000.0000    
           9   5294975.50       1930408.62       187760.438       150000.000       10000.0000    
          10   5294914.00       1930386.25       187758.266       150000.000       10000.0000    
          11   5294853.00       1930364.00       187756.094       150000.000       10000.0000    
          12   5294791.50       1930341.62       187753.922       150000.000       10000.0000    
          13   5294730.00       1930319.25       187751.750       150000.000       10000.0000    
          14   5294669.00       1930296.88       187749.578       150000.000       10000.0000    
          15   5294607.50       1930274.62       187747.406       150000.000       10000.0000    
          16   5294546.50       1930252.25       187745.219       150000.000       10000.0000    
          17   5294485.00       1930229.88       187743.047       150000.000       10000.0000    
          18   5294424.00       1930207.50       187740.875       150000.000       10000.0000    
          19   5294362.50       1930185.25       187738.703       150000.000       10000.0000    
          20   5294301.00       1930162.88       187736.531       150000.000       10000.0000    
          21   5294240.00       1930140.50       187734.359       150000.000       10000.0000    
          22   5294178.50       1930118.12       187732.188       150000.000       10000.0000    
          23   5294117.50       1930095.88       187730.016       150000.000       10000.0000    
          24   5294056.00       1930073.50       187727.844       150000.000       10000.0000    
          25   5293994.50       1930051.12       187725.672       150000.000       10000.0000    
          26   5293933.50       1930028.75       187723.484       150000.000       10000.0000    
          27   5293872.00       1930006.38       187721.312       150000.000       10000.0000    
          28   5293811.00       1929984.12       187719.141       150000.000       10000.0000    
          29   5293749.50       1929961.75       187716.969       150000.000       10000.0000    
          30   5293688.50       1929939.38       187714.797       150000.000       10000.0000    
          31   5293627.00       1929917.00       187712.625       150000.000       10000.0000    
          32   5293565.50       1929894.75       187710.453       150000.000       10000.0000    
          33   5293504.50       1929872.38       187708.281       150000.000       10000.0000    
          34   5293443.00       1929850.00       187706.109       150000.000       10000.0000    
          35   5293382.00       1929827.62       187703.938       150000.000       10000.0000    
          36   5293320.50       1929805.38       187701.766       150000.000       10000.0000    
          37   5293259.00       1929783.00       187699.578       150000.000       10000.0000    
          38   5293198.00       1929760.62       187697.406       150000.000       10000.0000    
          39   5293136.50       1929738.25       187695.234       150000.000       10000.0000    
          40   5293075.50       1929716.00       187693.062       150000.000       10000.0000    
          41   5293014.00       1929693.62       187690.891       150000.000       10000.0000    
          42   5292953.00       1929671.25       187688.719       150000.000       10000.0000    
