   2.69262147       1.04999989E-02   2.52999999E-02   25.2700005       3.39671923E-03   0.00000000    
   2.59254742       1.04999989E-02   2.52999999E-02   25.2700005       3.66401230E-03   1.00000000    
  0.770515501       1.04999989E-02   2.52999999E-02   25.2700005       4.14808430E-02   2.00000000    
  0.340064496       1.04999989E-02   2.52999999E-02   25.2700005      0.212954953       3.00000000    
   2.56572819       1.04999989E-02   2.52999999E-02   25.2700005       3.74101172E-03   4.00000000    
   2.49684930       1.04999989E-02   2.52999999E-02   25.2700005       3.95025965E-03   5.00000000    
   2.43157220       1.04999989E-02   2.52999999E-02   25.2700005       4.16520052E-03   6.00000000    
   2.37972641       1.04999989E-02   2.52999999E-02   25.2700005       4.34866780E-03   7.00000000    
   1.06751955       1.04999989E-02   2.52999999E-02   25.2700005       2.16101930E-02   8.00000000    
   2.30835938       1.04999989E-02   2.52999999E-02   25.2700005       4.62171854E-03   9.00000000    
   2.28941870       1.04999989E-02   2.52999999E-02   25.2700005       4.69850656E-03   10.0000000    
   2.28239608       1.04999989E-02   2.52999999E-02   25.2700005       4.72746463E-03   11.0000000    
   2.28473234       1.04999989E-02   2.52999999E-02   25.2700005       4.71780170E-03   12.0000000    
   2.29412484       1.04999989E-02   2.52999999E-02   25.2700005       4.67924960E-03   13.0000000    
  0.958018541       1.04999989E-02   2.52999999E-02   25.2700005       2.68325824E-02   14.0000000    
  0.577388287       1.04999989E-02   2.52999999E-02   25.2700005       7.38710538E-02   15.0000000    
   2.34966683       1.04999989E-02   2.52999999E-02   25.2700005       4.46064584E-03   16.0000000    
   2.36710858       1.04999989E-02   2.52999999E-02   25.2700005       4.39515291E-03   17.0000000    
   2.35462379       1.04999989E-02   2.52999999E-02   25.2700005       4.44188435E-03   18.0000000    
   2.40278077       1.04999989E-02   2.52999999E-02   25.2700005       4.26561851E-03   19.0000000    
  0.409725279       1.04999989E-02   2.52999999E-02   25.2700005      0.146698192       20.0000000    
   1.38301325       1.04999989E-02   2.52999999E-02   25.2700005       1.28753074E-02   21.0000000    
   2.44488859       1.04999989E-02   2.52999999E-02   25.2700005       4.11995174E-03   22.0000000    
   1.63410199       1.04999989E-02   2.52999999E-02   25.2700005       9.22257081E-03   23.0000000    
   2.06301618       1.04999989E-02   2.52999999E-02   25.2700005       5.78635558E-03   24.0000000    
   2.29885006       1.04999989E-02   2.52999999E-02   25.2700005       4.66003316E-03   25.0000000    
   2.02741456       1.04999989E-02   2.52999999E-02   25.2700005       5.99135691E-03   26.0000000    
   2.13198018       1.04999989E-02   2.52999999E-02   25.2700005       5.41806174E-03   27.0000000    
   2.15669894       1.04999989E-02   2.52999999E-02   25.2700005       5.29457675E-03   28.0000000    
   2.13810658       1.04999989E-02   2.52999999E-02   25.2700005       5.38705708E-03   29.0000000    
   2.12994599       1.04999989E-02   2.52999999E-02   25.2700005       5.42841619E-03   30.0000000    
